date,close
2016-12-05 20:59:19,67
2016-12-05 20:59:24,65
2016-12-05 20:59:30,65
2016-12-05 20:59:34,65
2016-12-05 20:59:40,67
2016-12-05 20:59:45,65
2016-12-05 20:59:47,67
2016-12-05 20:59:53,65
2016-12-05 20:59:56,65
2016-12-05 21:00:04,65
2016-12-05 21:00:10,65
2016-12-05 21:00:11,65
2016-12-05 21:00:23,64
2016-12-05 21:00:32,64
2016-12-05 21:00:35,64
2016-12-05 21:00:39,61
2016-12-05 21:00:45,61
2016-12-05 21:00:54,59
2016-12-05 21:00:55,59
2016-12-05 21:01:06,63
2016-12-05 21:01:07,63
2016-12-05 21:01:16,65
2016-12-05 21:01:17,65
2016-12-05 21:01:24,60
2016-12-05 21:01:29,60
2016-12-05 21:01:34,59
2016-12-05 21:01:38,59
2016-12-05 21:01:42,59
2016-12-05 21:01:51,61
2016-12-05 21:01:54,62
2016-12-05 21:01:59,63
2016-12-05 21:02:02,63
2016-12-05 21:02:07,62
2016-12-05 21:02:16,60
2016-12-05 21:02:20,59
2016-12-05 21:02:23,60
2016-12-05 21:02:31,60
2016-12-05 21:02:33,60
2016-12-05 21:02:42,59
2016-12-05 21:02:48,59
2016-12-05 21:02:53,59
2016-12-05 21:02:54,59
2016-12-05 21:02:59,62
2016-12-05 21:03:04,60
2016-12-05 21:03:09,61
2016-12-05 21:03:19,58
2016-12-05 21:03:26,58
2016-12-05 21:03:29,57
2016-12-05 21:03:33,57
2016-12-05 21:03:39,57
2016-12-05 21:03:44,58
2016-12-05 21:03:52,58
2016-12-05 21:03:54,58
2016-12-05 21:03:59,58
2016-12-05 21:04:08,59
2016-12-05 21:04:13,59
2016-12-05 21:04:15,58
2016-12-05 21:04:19,59
2016-12-05 21:04:24,59
2016-12-05 21:04:30,62
2016-12-05 21:04:34,61
2016-12-05 21:04:40,61
2016-12-05 21:04:44,61
2016-12-05 21:04:52,61
2016-12-05 21:04:55,61
2016-12-05 21:05:00,62
2016-12-05 21:05:09,61
2016-12-05 21:05:12,61
2016-12-05 21:05:17,59
2016-12-05 21:05:20,59
2016-12-05 21:05:26,61
2016-12-05 21:05:32,65
2016-12-05 21:05:37,64
2016-12-05 21:05:45,68
2016-12-05 21:05:50,64
2016-12-05 21:05:55,67
2016-12-05 21:05:57,67
2016-12-05 21:06:07,59
2016-12-05 21:06:12,59
2016-12-05 21:06:16,58
2016-12-05 21:06:21,58
2016-12-05 21:06:24,58
2016-12-05 21:06:32,58
2016-12-05 21:06:33,58
2016-12-05 21:06:38,58
2016-12-05 21:06:45,59
2016-12-05 21:06:50,59
2016-12-05 21:06:56,62
2016-12-05 21:07:01,60
2016-12-05 21:07:08,62
2016-12-05 21:07:11,64
2016-12-05 21:07:20,63
2016-12-05 21:07:24,63
2016-12-05 21:07:28,63
2016-12-05 21:07:31,64
2016-12-05 21:07:39,63
2016-12-05 21:07:46,60
2016-12-05 21:07:49,59
2016-12-05 21:07:52,59
2016-12-05 21:07:59,60
2016-12-05 21:08:03,60
2016-12-05 21:08:08,60
2016-12-05 21:08:13,60
2016-12-05 21:08:22,59
2016-12-05 21:08:27,59
2016-12-05 21:08:29,59
2016-12-05 21:08:33,59
2016-12-05 21:08:40,61
2016-12-05 21:08:43,60
2016-12-05 21:08:52,60
2016-12-05 21:08:57,60
2016-12-05 21:08:58,60
2016-12-05 21:09:08,59
2016-12-05 21:09:09,59
2016-12-05 21:09:16,59
2016-12-05 21:09:19,59
2016-12-05 21:09:24,59
2016-12-05 21:09:29,59
2016-12-05 21:09:34,59
2016-12-05 21:09:39,59
2016-12-05 21:09:48,58
2016-12-05 21:09:52,59
2016-12-05 21:09:58,63
2016-12-05 21:10:03,62
2016-12-05 21:10:04,62
2016-12-05 21:10:10,61
2016-12-05 21:10:14,62
2016-12-05 21:10:19,63
2016-12-05 21:10:28,59
2016-12-05 21:10:29,59
2016-12-05 21:10:35,60
2016-12-05 21:10:40,60
2016-12-05 21:10:47,62
2016-12-05 21:10:54,63
2016-12-05 21:10:58,62
2016-12-05 21:11:00,62
2016-12-05 21:11:07,60
2016-12-05 21:11:10,61
2016-12-05 21:11:15,61
2016-12-05 21:11:20,61
2016-12-05 21:11:25,60
2016-12-05 21:11:33,61
2016-12-05 21:11:35,61
2016-12-05 21:11:40,68
2016-12-05 21:11:46,64
2016-12-05 21:11:55,61
2016-12-05 21:12:00,61
2016-12-05 21:12:02,61
2016-12-05 21:12:10,61
2016-12-05 21:12:11,61
2016-12-05 21:12:20,68
2016-12-05 21:12:22,68
2016-12-05 21:12:27,72
2016-12-05 21:12:32,73
2016-12-05 21:12:38,71
2016-12-05 21:12:43,68
2016-12-05 21:12:53,59
2016-12-05 21:12:56,60
2016-12-05 21:13:02,59
2016-12-05 21:13:07,59
2016-12-05 21:13:09,60
2016-12-05 21:13:19,61
2016-12-05 21:13:21,61
2016-12-05 21:13:26,60
2016-12-05 21:13:31,61
2016-12-05 21:13:40,59
2016-12-05 21:13:42,60
2016-12-05 21:13:46,62
2016-12-05 21:13:55,64
2016-12-05 21:13:56,65
2016-12-05 21:14:01,65
2016-12-05 21:14:09,65
2016-12-05 21:14:11,65
2016-12-05 21:14:20,76
2016-12-05 21:14:25,76
2016-12-05 21:14:26,76
2016-12-05 21:14:31,68
2016-12-05 21:14:37,67
2016-12-05 21:14:43,68
2016-12-05 21:14:53,67
2016-12-05 21:14:54,67
2016-12-05 21:15:01,65
2016-12-05 21:15:11,64
2016-12-05 21:15:12,64
2016-12-05 21:15:21,64
2016-12-05 21:15:26,61
2016-12-05 21:15:29,60
2016-12-05 21:15:32,62
2016-12-05 21:15:40,69
2016-12-05 21:15:46,60
2016-12-05 21:15:52,61
2016-12-05 21:15:57,63
2016-12-05 21:15:59,63
2016-12-05 21:16:05,63
2016-12-05 21:16:15,71
2016-12-05 21:16:16,71
2016-12-05 21:16:26,83
2016-12-05 21:16:29,85
2016-12-05 21:16:34,86
2016-12-05 21:16:38,86
2016-12-05 21:16:43,81
2016-12-05 21:16:52,65
2016-12-05 21:16:57,64
2016-12-05 21:16:58,64
2016-12-05 21:17:07,68
2016-12-05 21:17:09,68
2016-12-05 21:17:14,68
2016-12-05 21:17:22,68
2016-12-05 21:17:29,80
2016-12-05 21:17:34,80
2016-12-05 21:17:39,80
2016-12-05 21:17:40,78
2016-12-05 21:17:49,74
2016-12-05 21:17:51,74
2016-12-05 21:17:55,74
2016-12-05 21:18:04,78
2016-12-05 21:18:07,78
2016-12-05 21:18:11,78
2016-12-05 21:18:17,78
2016-12-05 21:18:22,78
2016-12-05 21:18:28,71
2016-12-05 21:18:32,71
2016-12-05 21:18:36,68
2016-12-05 21:18:42,71
2016-12-05 21:18:47,77
2016-12-05 21:18:57,59
2016-12-05 21:19:02,59
2016-12-05 21:19:06,59
2016-12-05 21:19:12,59
2016-12-05 21:19:13,59
2016-12-05 21:19:22,59
2016-12-05 21:19:26,63
2016-12-05 21:19:28,63
2016-12-05 21:19:35,62
2016-12-05 21:19:39,64
2016-12-05 21:19:47,63
2016-12-05 21:19:50,63
2016-12-05 21:19:57,62
2016-12-05 21:20:00,63
2016-12-05 21:20:05,65
2016-12-05 21:20:11,68
2016-12-05 21:20:19,62
2016-12-05 21:20:23,61
2016-12-05 21:20:25,62
2016-12-05 21:20:30,62
2016-12-05 21:20:35,63
2016-12-05 21:20:42,63
2016-12-05 21:20:51,63
2016-12-05 21:20:52,63
2016-12-05 21:20:57,63
2016-12-05 21:21:02,64
2016-12-05 21:21:08,63
2016-12-05 21:21:16,63
2016-12-05 21:21:20,67
2016-12-05 21:21:23,69
2016-12-05 21:21:32,64
2016-12-05 21:21:36,64
2016-12-05 21:21:43,64
2016-12-05 21:21:45,63
2016-12-05 21:21:53,63
2016-12-05 21:21:56,62
2016-12-05 21:22:02,58
2016-12-05 21:22:08,58
2016-12-05 21:22:15,58
2016-12-05 21:22:17,58
2016-12-05 21:22:27,59
2016-12-05 21:22:28,59
2016-12-05 21:22:33,59
2016-12-05 21:22:41,58
2016-12-05 21:22:43,58
2016-12-05 21:22:48,58
2016-12-05 21:22:54,60
2016-12-05 21:23:02,59
2016-12-05 21:23:05,59
2016-12-05 21:23:10,59
2016-12-05 21:23:16,59
2016-12-05 21:23:24,61
2016-12-05 21:23:26,62
2016-12-05 21:23:31,60
2016-12-05 21:23:37,60
2016-12-05 21:23:42,60
2016-12-05 21:23:47,60
2016-12-05 21:23:53,60
2016-12-05 21:23:58,60
2016-12-05 21:24:04,60
2016-12-05 21:24:08,60
2016-12-05 21:24:17,61
2016-12-05 21:24:18,60
2016-12-05 21:24:26,60
2016-12-05 21:24:28,60
2016-12-05 21:24:34,60
2016-12-05 21:24:40,63
2016-12-05 21:24:49,65
2016-12-05 21:24:51,65
2016-12-05 21:24:56,65
2016-12-05 21:25:05,61
2016-12-05 21:25:09,62
2016-12-05 21:25:11,62
2016-12-05 21:25:20,60
2016-12-05 21:25:21,60
2016-12-05 21:25:31,60
2016-12-05 21:25:32,60
2016-12-05 21:25:37,60
2016-12-05 21:25:42,60
2016-12-05 21:25:48,60
2016-12-05 21:25:55,59
2016-12-05 21:25:58,59
2016-12-05 21:26:06,59
2016-12-05 21:26:09,59
2016-12-05 21:26:14,59
2016-12-05 21:26:19,60
2016-12-05 21:26:26,60
2016-12-05 21:26:32,59
2016-12-05 21:26:37,60
2016-12-05 21:26:40,60
2016-12-05 21:26:45,60
2016-12-05 21:26:52,61
2016-12-05 21:26:58,61
2016-12-05 21:27:01,60
2016-12-05 21:27:06,60
2016-12-05 21:27:11,59
2016-12-05 21:27:18,60
2016-12-05 21:27:26,61
2016-12-05 21:27:28,61
2016-12-05 21:27:33,61
2016-12-05 21:27:38,61
2016-12-05 21:27:48,61
2016-12-05 21:27:50,61
2016-12-05 21:27:54,61
2016-12-05 21:27:59,61
2016-12-05 21:28:04,61
2016-12-05 21:28:10,61
2016-12-05 21:28:15,60
2016-12-05 21:28:20,59
2016-12-05 21:28:25,60
2016-12-05 21:28:30,60
2016-12-05 21:28:40,61
2016-12-05 21:28:41,61
2016-12-05 21:28:46,62
2016-12-05 21:28:52,61
2016-12-05 21:28:57,61
2016-12-05 21:29:02,62
2016-12-05 21:29:08,62
2016-12-05 21:29:13,60
2016-12-05 21:29:18,62
2016-12-05 21:29:28,69
2016-12-05 21:29:31,69
2016-12-05 21:29:35,67
2016-12-05 21:29:40,64
2016-12-05 21:29:45,69
2016-12-05 21:29:52,61
2016-12-05 21:30:01,71
2016-12-05 21:30:06,69
2016-12-05 21:30:12,71
2016-12-05 21:30:14,71
2016-12-05 21:30:19,69
2016-12-05 21:30:26,67
2016-12-05 21:30:29,67
2016-12-05 21:30:34,64
2016-12-05 21:30:43,63
2016-12-05 21:30:45,62
2016-12-05 21:30:50,62
2016-12-05 21:30:58,57
2016-12-05 21:31:01,59
2016-12-05 21:31:10,56
2016-12-05 21:31:12,56
2016-12-05 21:31:19,57
2016-12-05 21:31:25,61
2016-12-05 21:31:29,61
2016-12-05 21:31:38,59
2016-12-05 21:31:43,59
2016-12-05 21:31:44,59
2016-12-05 21:31:49,59
2016-12-05 21:31:54,59
2016-12-05 21:32:04,59
2016-12-05 21:32:07,59
2016-12-05 21:32:10,59
2016-12-05 21:32:15,59
2016-12-05 21:32:27,77
2016-12-05 21:32:34,77
2016-12-05 21:32:40,74
2016-12-05 21:32:42,74
2016-12-05 21:32:51,83
2016-12-05 21:32:53,83
2016-12-05 21:32:58,83
2016-12-05 21:33:03,83
2016-12-05 21:33:12,77
2016-12-05 21:33:17,77
2016-12-05 21:33:19,76
2016-12-05 21:33:23,74
2016-12-05 21:33:30,76
2016-12-05 21:33:37,83
2016-12-05 21:33:40,83
2016-12-05 21:33:47,83
2016-12-05 21:33:52,83
2016-12-05 21:33:57,83
2016-12-05 21:34:05,80
2016-12-05 21:34:10,78
2016-12-05 21:34:13,80
2016-12-05 21:34:16,81
2016-12-05 21:34:22,81
2016-12-05 21:34:31,82
2016-12-05 21:34:36,81
2016-12-05 21:34:38,81
2016-12-05 21:34:43,81
2016-12-05 21:34:49,80
2016-12-05 21:34:57,65
2016-12-05 21:35:00,65
2016-12-05 21:35:08,67
2016-12-05 21:35:10,67
2016-12-05 21:35:19,65
2016-12-05 21:35:20,65
2016-12-05 21:35:25,67
2016-12-05 21:35:30,65
2016-12-05 21:35:37,65
2016-12-05 21:35:40,74
2016-12-05 21:35:48,65
2016-12-05 21:35:53,64
2016-12-05 21:35:58,58
2016-12-05 21:36:03,57
2016-12-05 21:36:10,59
2016-12-05 21:36:12,59
2016-12-05 21:36:17,60
2016-12-05 21:36:22,60
2016-12-05 21:36:26,60
2016-12-05 21:36:32,60
2016-12-05 21:36:36,60
2016-12-05 21:36:41,60
2016-12-05 21:36:47,60
2016-12-05 21:36:51,60
2016-12-05 21:36:59,60
2016-12-05 21:37:07,60
2016-12-05 21:37:10,65
2016-12-05 21:37:17,61
2016-12-05 21:37:18,62
2016-12-05 21:37:23,64
2016-12-05 21:37:29,65
2016-12-05 21:37:34,65
2016-12-05 21:37:39,67
2016-12-05 21:37:47,65
2016-12-05 21:37:50,65
2016-12-05 21:37:54,64
2016-12-05 21:38:08,80
2016-12-05 21:38:13,82
2016-12-05 21:38:16,82
2016-12-05 21:38:28,82
2016-12-05 21:38:31,83
2016-12-05 21:38:38,81
2016-12-05 21:38:41,78
2016-12-05 21:38:51,69
2016-12-05 21:38:56,68
2016-12-05 21:39:01,68
2016-12-05 21:39:06,68
2016-12-05 21:39:11,68
2016-12-05 21:39:16,69
2016-12-05 21:39:17,69
2016-12-05 21:39:22,67
2016-12-05 21:39:27,68
2016-12-05 21:39:32,69
2016-12-05 21:39:37,74
2016-12-05 21:39:43,77
2016-12-05 21:39:53,90
2016-12-05 21:39:58,92
2016-12-05 21:39:59,92
2016-12-05 21:40:04,92
2016-12-05 21:40:13,85
2016-12-05 21:40:17,86
2016-12-05 21:40:19,86
2016-12-05 21:40:28,81
2016-12-05 21:40:29,80
2016-12-05 21:40:37,85
2016-12-05 21:40:43,78
2016-12-05 21:40:45,77
2016-12-05 21:40:51,77
2016-12-05 21:40:55,77
2016-12-05 21:41:05,59
2016-12-05 21:41:08,59
2016-12-05 21:41:11,60
2016-12-05 21:41:21,77
2016-12-05 21:41:24,77
2016-12-05 21:41:27,77
2016-12-05 21:41:37,59
2016-12-05 21:41:42,59
2016-12-05 21:41:52,59
2016-12-05 21:41:53,60
2016-12-05 21:41:59,60
2016-12-05 21:42:03,60
2016-12-05 21:42:12,60
2016-12-05 21:42:16,62
2016-12-05 21:42:21,65
2016-12-05 21:42:25,67
2016-12-05 21:42:31,68
2016-12-05 21:42:44,68
2016-12-05 21:42:47,68
2016-12-05 21:42:56,64
2016-12-05 21:42:59,63
2016-12-05 21:43:06,62
2016-12-05 21:43:12,61
2016-12-05 21:43:13,61
2016-12-05 21:43:21,62
2016-12-05 21:43:27,59
2016-12-05 21:43:29,60
2016-12-05 21:43:35,61
2016-12-05 21:43:39,60
2016-12-05 21:43:47,56
2016-12-05 21:43:53,60
2016-12-05 21:43:57,61
2016-12-05 21:44:00,61
2016-12-05 21:44:06,62
2016-12-05 21:44:16,69
2016-12-05 21:44:21,69
2016-12-05 21:44:24,69
2016-12-05 21:44:32,68
2016-12-05 21:44:35,68
2016-12-05 21:44:38,68
2016-12-05 21:44:43,67
2016-12-05 21:44:48,64
2016-12-05 21:44:57,59
2016-12-05 21:45:03,60
2016-12-05 21:45:04,60
2016-12-05 21:45:09,60
2016-12-05 21:45:14,60
2016-12-05 21:45:19,60
2016-12-05 21:45:28,63
2016-12-05 21:45:33,61
2016-12-05 21:45:37,62
2016-12-05 21:45:44,59
2016-12-05 21:45:49,59
2016-12-05 21:45:55,59
2016-12-05 21:46:01,58
2016-12-05 21:46:03,57
2016-12-05 21:46:07,57
2016-12-05 21:46:13,59
2016-12-05 21:46:20,58
2016-12-05 21:46:23,59
2016-12-05 21:46:29,59
2016-12-05 21:46:40,62
2016-12-05 21:46:43,62
2016-12-05 21:51:22,81
2016-12-05 21:51:27,81
2016-12-05 21:52:03,61
2016-12-05 21:52:08,62
2016-12-05 21:52:10,61
2016-12-05 21:52:15,62
2016-12-05 21:52:32,61
2016-12-05 21:52:34,60
2016-12-05 21:52:40,61
2016-12-05 21:52:49,71
2016-12-05 21:52:54,73
2016-12-05 21:52:57,73
2016-12-05 21:53:06,74
2016-12-05 21:53:08,74
2016-12-05 21:53:16,74
2016-12-05 21:53:17,74
2016-12-05 21:53:23,71
2016-12-05 21:53:31,67
2016-12-05 21:53:32,67
2016-12-05 21:53:41,58
2016-12-05 21:53:46,57
2016-12-05 21:53:52,59
2016-12-05 21:53:53,59
2016-12-05 21:53:59,59
2016-12-05 21:54:03,60
2016-12-05 21:54:08,60
2016-12-05 21:54:14,61
2016-12-05 21:54:23,62
2016-12-05 21:54:26,60
2016-12-05 21:54:29,59
2016-12-05 21:54:40,57
2016-12-05 21:54:46,63
2016-12-05 21:54:49,61
2016-12-05 21:55:00,59
2016-12-05 21:55:02,58
2016-12-05 21:55:06,57
2016-12-05 21:55:11,58
2016-12-05 21:55:18,59
2016-12-05 21:55:24,59
2016-12-05 21:55:31,61
2016-12-05 21:55:33,62
2016-12-05 21:55:37,65
2016-12-05 21:55:46,65
2016-12-05 21:55:47,65
2016-12-05 21:55:55,65
2016-12-05 21:55:58,65
2016-12-05 21:56:04,69
2016-12-05 21:56:12,69
2016-12-05 21:56:16,69
2016-12-05 21:56:19,69
2016-12-05 21:56:26,69
2016-12-05 21:56:28,69
2016-12-05 21:56:39,57
2016-12-05 21:56:44,57
2016-12-05 21:56:45,57
2016-12-05 21:56:54,56
2016-12-05 21:56:59,55
2016-12-05 21:57:04,54
2016-12-05 21:57:05,54
2016-12-05 21:57:15,52
2016-12-05 21:57:21,52
2016-12-05 21:57:24,52
2016-12-05 21:57:31,54
2016-12-05 21:57:36,55
2016-12-05 21:57:40,54
2016-12-05 21:57:44,54
2016-12-05 21:57:52,53
2016-12-05 21:57:56,53
2016-12-05 21:57:58,53
2016-12-05 21:58:04,59
2016-12-05 21:58:12,53
2016-12-05 21:58:17,51
2016-12-05 21:58:22,51
2016-12-05 21:58:27,51
2016-12-05 21:58:28,51
2016-12-05 21:58:34,52
2016-12-05 21:58:40,53
2016-12-05 21:58:45,54
2016-12-05 21:58:52,53
2016-12-05 21:58:55,53
2016-12-05 21:59:02,52
2016-12-05 21:59:05,53
2016-12-05 21:59:10,56
2016-12-05 21:59:15,56
2016-12-05 21:59:20,55
2016-12-05 21:59:25,55
2016-12-05 21:59:35,53
2016-12-05 21:59:36,53
2016-12-05 21:59:41,52
2016-12-05 21:59:49,52
2016-12-05 21:59:53,54
2016-12-05 21:59:56,54
2016-12-05 22:00:02,54
2016-12-05 22:00:08,54
2016-12-05 22:00:13,54
2016-12-05 22:00:18,53
2016-12-05 22:00:26,53
2016-12-05 22:00:28,53
2016-12-05 22:00:33,53
2016-12-05 22:00:38,53
2016-12-05 22:00:44,51
2016-12-05 22:00:50,50
2016-12-05 22:00:55,50
2016-12-05 22:01:00,50
2016-12-05 22:01:05,50
2016-12-05 22:01:10,50
2016-12-05 22:01:20,53
2016-12-05 22:01:21,53
2016-12-05 22:01:27,59
2016-12-05 22:01:35,51
2016-12-05 22:01:40,50
2016-12-05 22:01:44,50
2016-12-05 22:01:48,50
2016-12-05 22:01:55,49
2016-12-05 22:02:01,49
2016-12-05 22:02:06,50
2016-12-05 22:02:09,50
2016-12-05 22:02:14,50
2016-12-05 22:02:20,50
2016-12-05 22:02:25,50
2016-12-05 22:02:32,49
2016-12-05 22:02:36,49
2016-12-05 22:02:41,49
2016-12-05 22:02:46,48
2016-12-05 22:02:51,48
2016-12-05 22:02:56,48
2016-12-05 22:03:02,48
2016-12-05 22:03:10,48
2016-12-05 22:03:12,48
2016-12-05 22:03:18,49
2016-12-05 22:03:24,49
2016-12-05 22:03:29,49
2016-12-05 22:03:34,49
2016-12-05 22:03:41,49
2016-12-05 22:03:45,49
2016-12-05 22:03:50,49
2016-12-05 22:03:55,49
2016-12-05 22:04:00,49
2016-12-05 22:04:05,49
2016-12-05 22:04:13,50
2016-12-05 22:04:18,50
2016-12-05 22:04:22,50
2016-12-05 22:04:27,49
2016-12-05 22:04:32,49
2016-12-05 22:04:37,50
2016-12-05 22:04:42,50
2016-12-05 22:04:47,50
2016-12-05 22:04:52,50
2016-12-05 22:04:57,50
2016-12-05 22:05:03,50
2016-12-05 22:05:08,50
2016-12-05 22:05:13,53
2016-12-05 22:05:19,53
2016-12-05 22:05:25,51
2016-12-05 22:05:28,51
2016-12-05 22:05:34,50
2016-12-05 22:05:40,50
2016-12-05 22:05:45,50
2016-12-05 22:05:50,50
2016-12-05 22:05:55,50
2016-12-05 22:06:00,50
2016-12-05 22:06:05,49
2016-12-05 22:06:10,50
2016-12-05 22:06:18,49
2016-12-05 22:06:22,49
2016-12-05 22:06:26,49
2016-12-05 22:06:31,48
2016-12-05 22:06:36,49
2016-12-05 22:06:42,49
2016-12-05 22:06:52,49
2016-12-05 22:06:53,49
2016-12-05 22:06:58,49
2016-12-05 22:07:04,49
2016-12-05 22:07:09,50
2016-12-05 22:07:14,50
2016-12-05 22:07:22,46
2016-12-05 22:07:27,46
2016-12-05 22:07:30,46
2016-12-05 22:07:35,49
2016-12-05 22:07:42,49
2016-12-05 22:07:45,48
2016-12-05 22:07:53,49
2016-12-05 22:07:58,49
2016-12-05 22:08:02,49
2016-12-05 22:08:07,49
2016-12-05 22:08:12,49
2016-12-05 22:08:17,50
2016-12-05 22:08:23,50
2016-12-05 22:08:28,49
2016-12-05 22:08:36,50
2016-12-05 22:08:38,50
2016-12-05 22:08:43,50
2016-12-05 22:08:48,50
2016-12-05 22:08:53,50
2016-12-05 22:09:00,48
2016-12-05 22:09:03,48
2016-12-05 22:09:08,49
2016-12-05 22:09:16,49
2016-12-05 22:09:19,49
2016-12-05 22:09:25,49
2016-12-05 22:09:29,50
2016-12-05 22:09:34,50
2016-12-05 22:09:43,47
2016-12-05 22:09:47,47
2016-12-05 22:09:49,47
2016-12-05 22:09:55,49
2016-12-05 22:09:59,50
2016-12-05 22:10:04,50
2016-12-05 22:10:09,50
2016-12-05 22:10:15,49
2016-12-05 22:10:20,49
2016-12-05 22:10:25,49
2016-12-05 22:10:31,49
2016-12-05 22:10:37,50
2016-12-05 22:10:41,50
2016-12-05 22:10:46,50
2016-12-05 22:10:51,50
2016-12-05 22:10:56,49
2016-12-05 22:11:01,49
2016-12-05 22:11:06,48
2016-12-05 22:11:12,47
2016-12-05 22:11:17,48
2016-12-05 22:11:23,49
2016-12-05 22:11:28,49
2016-12-05 22:11:33,49
2016-12-05 22:11:38,49
2016-12-05 22:11:48,49
2016-12-05 22:11:50,49
2016-12-05 22:11:55,49
2016-12-05 22:12:00,49
2016-12-05 22:12:05,49
2016-12-05 22:12:10,49
2016-12-05 22:12:15,49
2016-12-05 22:12:23,48
2016-12-05 22:12:25,48
2016-12-05 22:12:30,48
2016-12-05 22:12:35,49
2016-12-05 22:12:41,50
2016-12-05 22:12:47,50
2016-12-05 22:12:52,50
2016-12-05 22:12:58,49
2016-12-05 22:13:03,48
2016-12-05 22:13:08,49
2016-12-05 22:13:13,49
2016-12-05 22:13:18,48
2016-12-05 22:13:23,48
2016-12-05 22:13:29,48
2016-12-05 22:13:35,49
2016-12-05 22:13:39,49
2016-12-05 22:13:45,49
2016-12-05 22:13:51,50
2016-12-05 22:13:55,50
2016-12-05 22:14:01,49
2016-12-05 22:14:05,49
2016-12-05 22:14:11,49
2016-12-05 22:14:17,49
2016-12-05 22:14:22,49
2016-12-05 22:14:32,49
2016-12-05 22:14:33,49
2016-12-05 22:14:38,49
2016-12-05 22:14:43,49
2016-12-05 22:14:48,49
2016-12-05 22:14:53,49
2016-12-05 22:15:02,50
2016-12-05 22:15:07,50
2016-12-05 22:15:09,50
2016-12-05 22:15:18,50
2016-12-05 22:15:20,50
2016-12-05 22:15:26,50
2016-12-05 22:15:31,50
2016-12-05 22:15:36,50
2016-12-05 22:15:41,50
2016-12-05 22:15:46,49
2016-12-05 22:15:52,50
2016-12-05 22:15:57,50
2016-12-05 22:16:02,50
2016-12-05 22:16:07,50
2016-12-05 22:16:13,50
2016-12-05 22:16:20,50
2016-12-05 22:16:23,50
2016-12-05 22:16:33,50
2016-12-05 22:16:34,50
2016-12-05 22:16:39,49
2016-12-05 22:16:44,49
2016-12-05 22:16:49,49
2016-12-05 22:16:54,49
2016-12-05 22:17:02,50
2016-12-05 22:17:05,50
2016-12-05 22:17:10,50
2016-12-05 22:17:16,50
2016-12-05 22:17:21,50
2016-12-05 22:17:26,50
2016-12-05 22:17:31,50
2016-12-05 22:17:36,49
2016-12-05 22:17:43,50
2016-12-05 22:17:47,50
2016-12-05 22:17:56,50
2016-12-05 22:17:57,50
2016-12-05 22:18:06,50
2016-12-05 22:18:08,50
2016-12-05 22:18:13,50
2016-12-05 22:18:18,50
2016-12-05 22:18:24,50
2016-12-05 22:18:29,50
2016-12-05 22:18:35,50
2016-12-05 22:18:40,50
2016-12-05 22:18:48,50
2016-12-05 22:18:50,50
2016-12-05 22:18:56,50
2016-12-05 22:19:01,50
2016-12-05 22:19:11,48
2016-12-05 22:19:13,48
2016-12-05 22:19:18,48
2016-12-05 22:19:23,49
2016-12-05 22:19:28,49
2016-12-05 22:19:33,49
2016-12-05 22:19:40,50
2016-12-05 22:19:43,50
2016-12-05 22:19:48,50
2016-12-05 22:19:53,50
2016-12-05 22:20:00,50
2016-12-05 22:20:04,50
2016-12-05 22:20:09,50
2016-12-05 22:20:14,50
2016-12-05 22:20:19,50
2016-12-05 22:20:25,50
2016-12-05 22:20:29,50
2016-12-05 22:20:35,50
2016-12-05 22:20:40,50
2016-12-05 22:20:45,50
2016-12-05 22:20:51,50
2016-12-05 22:20:55,50
2016-12-05 22:21:00,50
2016-12-05 22:21:06,50
2016-12-05 22:21:11,50
2016-12-05 22:21:16,50
2016-12-05 22:21:22,50
2016-12-05 22:21:27,50
2016-12-05 22:21:33,50
2016-12-05 22:21:39,50
2016-12-05 22:21:42,50
2016-12-05 22:21:47,50
2016-12-05 22:21:57,50
2016-12-05 22:21:58,50
2016-12-05 22:22:05,50
2016-12-05 22:22:09,50
2016-12-05 22:22:15,50
2016-12-05 22:22:20,50
2016-12-05 22:22:25,50
2016-12-05 22:22:33,50
2016-12-05 22:22:35,50
2016-12-05 22:22:41,50
2016-12-05 22:22:47,50
2016-12-05 22:22:52,50
2016-12-05 22:22:57,50
2016-12-05 22:23:02,50
2016-12-05 22:23:10,50
2016-12-05 22:23:13,50
2016-12-05 22:23:18,50
2016-12-05 22:23:23,50
2016-12-05 22:23:28,50
2016-12-05 22:23:37,50
2016-12-05 22:23:39,50
2016-12-05 22:23:45,50
2016-12-05 22:23:50,50
2016-12-05 22:23:55,50
2016-12-05 22:24:00,50
2016-12-05 22:24:05,50
2016-12-05 22:24:10,50
2016-12-05 22:24:15,50
2016-12-05 22:24:20,50
2016-12-05 22:24:25,50
2016-12-05 22:24:34,50
2016-12-05 22:24:35,50
2016-12-05 22:24:41,50
2016-12-05 22:24:46,50
2016-12-05 22:24:52,50
2016-12-05 22:24:56,50
2016-12-05 22:25:02,50
2016-12-05 22:25:07,50
2016-12-05 22:25:16,50
2016-12-05 22:25:18,50
2016-12-05 22:25:23,50
2016-12-05 22:25:28,50
2016-12-05 22:25:34,50
2016-12-05 22:25:39,50
2016-12-05 22:25:44,50
2016-12-05 22:25:50,49
2016-12-05 22:25:55,48
2016-12-05 22:26:03,48
2016-12-05 22:26:06,48
2016-12-05 22:26:11,48
2016-12-05 22:26:16,49
2016-12-05 22:26:22,50
2016-12-05 22:26:29,50
2016-12-05 22:26:33,50
2016-12-05 22:26:38,50
2016-12-05 22:26:43,50
2016-12-05 22:26:48,50
2016-12-05 22:26:53,50
2016-12-05 22:26:58,49
2016-12-05 22:27:03,49
2016-12-05 22:27:08,50
2016-12-05 22:27:13,50
2016-12-05 22:27:19,50
2016-12-05 22:27:25,50
2016-12-05 22:27:30,50
2016-12-05 22:27:38,50
2016-12-05 22:27:41,50
2016-12-05 22:27:46,50
2016-12-05 22:27:52,50
2016-12-05 22:28:02,50
2016-12-05 22:28:03,50
2016-12-05 22:28:08,50
2016-12-05 22:28:13,50
2016-12-05 22:28:19,50
2016-12-05 22:28:24,50
2016-12-05 22:28:30,50
2016-12-05 22:28:40,50
2016-12-05 22:28:42,50
2016-12-05 22:28:48,50
2016-12-05 22:28:53,50
2016-12-05 22:29:03,50
2016-12-05 22:29:05,50
2016-12-05 22:29:11,50
2016-12-05 22:29:16,50
2016-12-05 22:29:22,50
2016-12-05 22:29:27,50
2016-12-05 22:29:36,49
2016-12-05 22:29:37,49
2016-12-05 22:29:42,49
2016-12-05 22:29:47,49
2016-12-05 22:29:53,50
2016-12-05 22:29:58,49
2016-12-05 22:30:06,50
2016-12-05 22:30:12,50
2016-12-05 22:30:13,50
2016-12-05 22:30:20,50
2016-12-05 22:30:24,50
2016-12-05 22:30:30,50
2016-12-05 22:30:35,50
2016-12-05 22:30:40,49
2016-12-05 22:30:46,49
2016-12-05 22:30:52,49
2016-12-05 22:30:57,49
2016-12-05 22:31:02,50
2016-12-05 22:31:07,50
2016-12-05 22:31:12,50
2016-12-05 22:31:18,49
2016-12-05 22:31:23,49
2016-12-05 22:31:28,49
2016-12-05 22:31:33,49
2016-12-05 22:31:39,49
2016-12-05 22:31:43,50
2016-12-05 22:31:48,50
2016-12-05 22:31:54,51
2016-12-05 22:32:03,50
2016-12-05 22:32:05,50
2016-12-05 22:32:09,50
2016-12-05 22:32:16,50
2016-12-05 22:32:19,48
2016-12-05 22:32:28,47
2016-12-05 22:32:30,47
2016-12-05 22:32:41,50
2016-12-05 22:32:42,50
2016-12-05 22:32:47,50
2016-12-05 22:32:55,50
2016-12-05 22:32:57,50
2016-12-05 22:33:02,50
2016-12-05 22:33:08,50
2016-12-05 22:33:14,50
2016-12-05 22:33:19,50
2016-12-05 22:33:25,50
2016-12-05 22:33:30,50
2016-12-05 22:33:35,50
2016-12-05 22:33:43,50
2016-12-05 22:33:45,50
2016-12-05 22:33:51,50
2016-12-05 22:33:56,50
2016-12-05 22:34:01,50
2016-12-05 22:34:10,50
2016-12-05 22:34:11,50
2016-12-05 22:34:16,50
2016-12-05 22:34:21,50
2016-12-05 22:34:31,50
2016-12-05 22:34:32,50
2016-12-05 22:34:37,50
2016-12-05 22:34:42,50
2016-12-05 22:34:48,49
2016-12-05 22:34:57,50
2016-12-05 22:34:59,50
2016-12-05 22:35:04,50
2016-12-05 22:35:09,50
2016-12-05 22:35:17,50
2016-12-05 22:35:21,50
2016-12-05 22:35:27,50
2016-12-05 22:35:32,50
2016-12-05 22:35:38,50
2016-12-05 22:35:45,50
2016-12-05 22:35:48,50
2016-12-05 22:35:53,50
2016-12-05 22:35:58,49
2016-12-05 22:36:03,49
2016-12-05 22:36:08,49
2016-12-05 22:36:13,49
2016-12-05 22:36:19,49
2016-12-05 22:36:24,50
2016-12-05 22:36:29,50
2016-12-05 22:36:34,50
2016-12-05 22:36:40,50
2016-12-05 22:36:45,50
2016-12-05 22:36:50,50
2016-12-05 22:36:55,50
2016-12-05 22:37:04,50
2016-12-05 22:37:10,50
2016-12-05 22:37:13,50
2016-12-05 22:37:17,49
2016-12-05 22:37:22,49
2016-12-05 22:37:27,49
2016-12-05 22:37:32,49
2016-12-05 22:37:42,49
2016-12-05 22:37:45,50
2016-12-05 22:37:51,49
2016-12-05 22:37:53,49
2016-12-05 22:37:58,49
2016-12-05 22:38:03,49
2016-12-05 22:38:12,49
2016-12-05 22:38:14,49
2016-12-05 22:38:19,49
2016-12-05 22:38:24,49
2016-12-05 22:38:32,50
2016-12-05 22:38:35,50
2016-12-05 22:38:40,50
2016-12-05 22:38:46,50
2016-12-05 22:38:52,50
2016-12-05 22:38:57,50
2016-12-05 22:39:02,50
2016-12-05 22:39:07,50
2016-12-05 22:39:13,50
2016-12-05 22:39:19,50
2016-12-05 22:39:24,50
2016-12-05 22:39:33,50
2016-12-05 22:39:37,49
2016-12-05 22:39:39,48
2016-12-05 22:39:44,47
2016-12-05 22:39:53,48
2016-12-05 22:39:54,48
2016-12-05 22:39:59,49
2016-12-05 22:40:06,49
2016-12-05 22:40:14,50
2016-12-05 22:40:19,50
2016-12-05 22:40:24,50
2016-12-05 22:40:25,50
2016-12-05 22:40:31,49
2016-12-05 22:40:36,49
2016-12-05 22:40:44,49
2016-12-05 22:40:51,49
2016-12-05 22:40:52,49
2016-12-05 22:41:01,49
2016-12-05 22:41:05,48
2016-12-05 22:41:07,47
2016-12-05 22:41:17,48
2016-12-05 22:41:23,49
2016-12-05 22:41:25,50
2016-12-05 22:41:29,49
2016-12-05 22:41:34,49
2016-12-05 22:41:39,49
2016-12-05 22:41:47,49
2016-12-05 22:41:49,49
2016-12-05 22:41:55,50
2016-12-05 22:42:00,50
2016-12-05 22:42:09,50
2016-12-05 22:42:12,50
2016-12-05 22:42:17,50
2016-12-05 22:42:20,49
2016-12-05 22:42:29,49
2016-12-05 22:42:30,49
2016-12-05 22:42:35,49
2016-12-05 22:42:41,50
2016-12-05 22:42:45,50
2016-12-05 22:42:50,50
2016-12-05 22:42:56,49
2016-12-05 22:43:01,49
2016-12-05 22:43:06,49
2016-12-05 22:43:11,49
2016-12-05 22:43:20,50
2016-12-05 22:43:21,50
2016-12-05 22:43:26,50
2016-12-05 22:43:31,50
2016-12-05 22:43:36,50
2016-12-05 22:43:41,50
2016-12-05 22:43:46,50
2016-12-05 22:43:51,50
2016-12-05 22:43:56,50
2016-12-05 22:44:06,50
2016-12-05 22:44:11,51
2016-12-05 22:44:12,51
2016-12-05 22:44:22,51
2016-12-05 22:44:23,51
2016-12-05 22:44:33,55
2016-12-05 22:44:38,50
2016-12-05 22:44:40,49
2016-12-05 22:44:45,49
2016-12-05 22:44:50,49
2016-12-05 22:44:55,49
2016-12-05 22:45:04,49
2016-12-05 22:45:07,50
2016-12-05 22:45:10,50
2016-12-05 22:45:15,50
2016-12-05 22:45:21,50
2016-12-05 22:45:28,50
2016-12-05 22:45:31,50
2016-12-05 22:45:37,50
2016-12-05 22:45:41,51
2016-12-05 22:45:46,50
2016-12-05 22:45:51,50
2016-12-05 22:45:56,50
2016-12-05 22:46:01,50
2016-12-05 22:46:06,50
2016-12-05 22:46:11,50
2016-12-05 22:46:16,50
2016-12-05 22:46:24,50
2016-12-05 22:46:26,50
2016-12-05 22:46:32,50
2016-12-05 22:46:40,50
2016-12-05 22:46:46,51
2016-12-05 22:46:47,51
2016-12-05 22:46:53,57
2016-12-05 22:47:00,55
2016-12-05 22:47:02,54
2016-12-05 22:47:10,49
2016-12-05 22:47:14,48
2016-12-05 22:47:20,49
2016-12-05 22:47:23,50
2016-12-05 22:47:31,50
2016-12-05 22:47:33,50
2016-12-05 22:47:39,50
2016-12-05 22:47:47,51
2016-12-05 22:47:50,52
2016-12-05 22:47:54,52
2016-12-05 22:47:58,51
2016-12-05 22:48:03,50
2016-12-05 22:48:08,50
2016-12-05 22:48:17,54
2016-12-05 22:48:18,55
2016-12-05 22:48:28,50
2016-12-05 22:48:32,49
2016-12-05 22:48:38,49
2016-12-05 22:48:39,49
2016-12-05 22:48:44,49
2016-12-05 22:48:51,49
2016-12-05 22:48:59,53
2016-12-05 22:49:03,52
2016-12-05 22:49:08,52
2016-12-05 22:49:12,52
2016-12-05 22:49:15,52
2016-12-05 22:49:21,51
2016-12-05 22:49:26,51
2016-12-05 22:49:31,50
2016-12-05 22:49:36,50
2016-12-05 22:49:41,50
2016-12-05 22:49:47,51
2016-12-05 22:49:54,51
2016-12-05 22:49:57,51
2016-12-05 22:50:02,51
2016-12-05 22:50:08,51
2016-12-05 22:50:13,51
2016-12-05 22:50:20,51
2016-12-05 22:50:23,51
2016-12-05 22:50:31,51
2016-12-05 22:50:33,51
2016-12-05 22:50:38,51
2016-12-05 22:50:49,51
2016-12-05 22:50:50,51
2016-12-05 22:50:56,51
2016-12-05 22:51:01,50
2016-12-05 22:51:07,50
2016-12-05 22:51:13,50
2016-12-05 22:51:20,50
2016-12-05 22:51:22,50
2016-12-05 22:51:27,51
2016-12-05 22:51:36,51
2016-12-05 22:51:37,51
2016-12-05 22:51:42,51
2016-12-05 22:51:48,51
2016-12-05 22:51:53,50
2016-12-05 22:51:59,50
2016-12-05 22:52:07,50
2016-12-05 22:52:09,50
2016-12-05 22:52:17,50
2016-12-05 22:52:23,50
2016-12-05 22:52:24,50
2016-12-05 22:52:29,50
2016-12-05 22:52:35,50
2016-12-05 22:52:40,50
2016-12-05 22:52:49,51
2016-12-05 22:52:51,51
2016-12-05 22:52:56,51
2016-12-05 22:53:01,51
2016-12-05 22:53:06,51
2016-12-05 22:53:11,50
2016-12-05 22:53:19,50
2016-12-05 22:53:22,50
2016-12-05 22:53:28,50
2016-12-05 22:53:37,51
2016-12-05 22:53:40,51
2016-12-05 22:53:44,51
2016-12-05 22:53:50,50
2016-12-05 22:53:55,50
2016-12-05 22:54:01,50
2016-12-05 22:54:11,50
2016-12-05 22:54:12,50
2016-12-05 22:54:17,50
2016-12-05 22:54:22,50
2016-12-05 22:54:27,50
2016-12-05 22:54:34,50
2016-12-05 22:54:39,50
2016-12-05 22:54:44,50
2016-12-05 22:54:50,50
2016-12-05 22:54:56,50
2016-12-05 22:55:01,50
2016-12-05 22:55:07,50
2016-12-05 22:55:12,50
2016-12-05 22:55:18,50
2016-12-05 22:55:28,50
2016-12-05 22:55:33,48
2016-12-05 22:55:35,48
2016-12-05 22:55:41,48
2016-12-05 22:55:46,49
2016-12-05 22:55:55,50
2016-12-05 22:55:56,50
2016-12-05 22:56:05,50
2016-12-05 22:56:07,51
2016-12-05 22:56:12,51
2016-12-05 22:56:18,51
2016-12-05 22:56:22,51
2016-12-05 22:56:28,51
2016-12-05 22:56:33,50
2016-12-05 22:56:39,50
2016-12-05 22:56:44,50
2016-12-05 22:56:49,50
2016-12-05 22:56:54,50
2016-12-05 22:57:05,50
2016-12-05 22:57:07,50
2016-12-05 22:57:11,50
2016-12-05 22:57:16,50
2016-12-05 22:57:21,50
2016-12-05 22:57:26,50
2016-12-05 22:57:32,50
2016-12-05 22:57:37,50
2016-12-05 22:57:46,50
2016-12-05 22:57:48,50
2016-12-05 22:57:54,50
2016-12-05 22:57:59,50
2016-12-05 22:58:05,50
2016-12-05 22:58:14,50
2016-12-05 22:58:15,50
2016-12-05 22:58:20,50
2016-12-05 22:58:25,50
2016-12-05 22:58:30,50
2016-12-05 22:58:35,51
2016-12-05 22:58:41,51
2016-12-05 22:58:46,51
2016-12-05 22:58:51,51
2016-12-05 22:58:56,51
2016-12-05 22:59:01,51
2016-12-05 22:59:06,51
2016-12-05 22:59:11,50
2016-12-05 22:59:17,51
2016-12-05 22:59:22,50
2016-12-05 22:59:27,50
2016-12-05 22:59:32,50
2016-12-05 22:59:39,51
2016-12-05 22:59:42,51
2016-12-05 22:59:48,50
2016-12-05 22:59:52,50
2016-12-05 22:59:57,50
2016-12-05 23:00:04,50
2016-12-05 23:00:07,50
2016-12-05 23:00:13,50
2016-12-05 23:00:18,50
2016-12-05 23:00:23,50
2016-12-05 23:00:29,50
2016-12-05 23:00:39,50
2016-12-05 23:00:40,50
2016-12-05 23:00:45,50
2016-12-05 23:00:50,50
2016-12-05 23:00:58,50
2016-12-05 23:01:00,51
2016-12-05 23:01:05,51
2016-12-05 23:01:10,51
2016-12-05 23:01:19,51
2016-12-05 23:01:24,51
2016-12-05 23:01:26,50
2016-12-05 23:01:31,49
2016-12-05 23:01:37,49
2016-12-05 23:01:44,50
2016-12-05 23:01:49,50
2016-12-05 23:01:55,50
2016-12-05 23:02:00,50
2016-12-05 23:02:09,50
2016-12-05 23:02:11,50
2016-12-05 23:02:16,50
2016-12-05 23:02:21,50
2016-12-05 23:02:26,50
2016-12-05 23:02:31,50
2016-12-05 23:02:36,50
2016-12-05 23:02:41,50
2016-12-05 23:02:46,50
2016-12-05 23:02:52,50
2016-12-05 23:02:58,50
2016-12-05 23:03:03,50
2016-12-05 23:03:09,50
2016-12-05 23:03:15,50
2016-12-05 23:03:24,52
2016-12-05 23:03:25,52
2016-12-05 23:03:31,77
2016-12-05 23:03:39,51
2016-12-05 23:03:50,46
2016-12-05 23:03:55,48
2016-12-05 23:03:59,48
2016-12-05 23:04:05,47
2016-12-05 23:04:10,46
2016-12-05 23:04:15,46
2016-12-05 23:04:20,47
2016-12-05 23:04:25,50
2016-12-05 23:04:27,50
2016-12-05 23:04:31,53
2016-12-05 23:04:40,50
2016-12-05 23:04:45,50
2016-12-05 23:04:50,50
2016-12-05 23:04:53,49
2016-12-05 23:04:59,49
2016-12-05 23:05:03,49
2016-12-05 23:05:06,49
2016-12-05 23:05:11,49
2016-12-05 23:05:16,49
2016-12-05 23:05:21,50
2016-12-05 23:05:28,50
2016-12-05 23:05:34,50
2016-12-05 23:05:40,49
2016-12-05 23:05:41,49
2016-12-05 23:05:46,49
2016-12-05 23:05:51,50
2016-12-05 23:05:59,50
2016-12-05 23:06:06,49
2016-12-05 23:06:11,47
2016-12-05 23:06:17,47
2016-12-05 23:06:22,47
2016-12-05 23:06:25,47
2016-12-05 23:06:28,48
2016-12-05 23:06:36,53
2016-12-05 23:06:41,53
2016-12-05 23:06:49,50
2016-12-05 23:06:54,50
2016-12-05 23:06:57,50
2016-12-05 23:07:00,50
2016-12-05 23:07:05,50
2016-12-05 23:07:10,50
2016-12-05 23:07:16,50
2016-12-05 23:07:21,50
2016-12-05 23:07:26,50
2016-12-05 23:07:32,50
2016-12-05 23:07:37,50
2016-12-05 23:07:42,50
2016-12-05 23:07:52,50
2016-12-05 23:07:53,50
2016-12-05 23:07:59,48
2016-12-05 23:08:05,49
2016-12-05 23:08:16,56
2016-12-05 23:08:17,57
2016-12-05 23:08:22,59
2016-12-05 23:08:27,59
2016-12-05 23:08:37,80
2016-12-05 23:08:38,80
2016-12-05 23:08:43,78
2016-12-05 23:08:53,52
2016-12-05 23:08:58,53
2016-12-05 23:09:03,52
2016-12-05 23:09:08,52
2016-12-05 23:09:14,53
2016-12-05 23:09:20,52
2016-12-05 23:09:24,52
2016-12-05 23:09:34,50
2016-12-05 23:09:40,51
2016-12-05 23:09:45,52
2016-12-05 23:09:50,52
2016-12-05 23:09:54,53
2016-12-05 23:09:58,52
2016-12-05 23:10:01,51
2016-12-05 23:10:07,50
2016-12-05 23:10:16,52
2016-12-05 23:10:21,59
2016-12-05 23:10:27,62
2016-12-05 23:10:28,62
2016-12-05 23:10:33,65
2016-12-05 23:10:42,53
2016-12-05 23:10:47,52
2016-12-05 23:10:49,52
2016-12-05 23:10:59,53
2016-12-05 23:11:00,53
2016-12-05 23:11:05,50
2016-12-05 23:11:13,51
2016-12-05 23:11:15,52
2016-12-05 23:11:24,60
2016-12-05 23:11:26,60
2016-12-05 23:11:31,61
2016-12-05 23:11:36,59
2016-12-05 23:11:44,53
2016-12-05 23:11:50,53
2016-12-05 23:11:51,53
2016-12-05 23:11:57,52
2016-12-05 23:12:02,51
2016-12-05 23:12:10,51
2016-12-05 23:12:13,51
2016-12-05 23:12:20,52
2016-12-05 23:12:29,54
2016-12-05 23:12:30,55
2016-12-05 23:12:35,57
2016-12-05 23:12:41,57
2016-12-05 23:12:46,55
2016-12-05 23:12:51,55
2016-12-05 23:12:56,54
2016-12-05 23:13:02,54
2016-12-05 23:13:08,53
2016-12-05 23:13:14,50
2016-12-05 23:13:18,49
2016-12-05 23:13:23,49
2016-12-05 23:13:28,49
2016-12-05 23:13:33,49
2016-12-05 23:13:38,49
2016-12-05 23:13:46,50
2016-12-05 23:13:49,50
2016-12-05 23:13:54,51
2016-12-05 23:14:04,57
2016-12-05 23:14:05,57
2016-12-05 23:14:14,55
2016-12-05 23:14:15,55
2016-12-05 23:14:21,53
2016-12-05 23:14:26,52
2016-12-05 23:14:36,52
2016-12-05 23:14:37,52
2016-12-05 23:14:43,52
2016-12-05 23:14:52,55
2016-12-05 23:14:54,55
2016-12-05 23:15:00,56
2016-12-05 23:15:05,55
2016-12-05 23:15:11,55
2016-12-05 23:15:16,56
2016-12-05 23:15:21,57
2016-12-05 23:15:29,56
2016-12-05 23:15:32,55
2016-12-05 23:15:41,52
2016-12-05 23:15:43,52
2016-12-05 23:15:49,51
2016-12-05 23:15:52,51
2016-12-05 23:15:57,51
2016-12-05 23:16:02,51
2016-12-05 23:16:07,53
2016-12-05 23:16:12,60
2016-12-05 23:16:22,50
2016-12-05 23:16:23,50
2016-12-05 23:16:33,49
2016-12-05 23:16:39,48
2016-12-05 23:16:42,48
2016-12-05 23:16:46,48
2016-12-05 23:16:52,48
2016-12-05 23:16:55,48
2016-12-05 23:17:00,48
2016-12-05 23:17:05,48
2016-12-05 23:17:10,50
2016-12-05 23:17:15,50
2016-12-05 23:17:20,50
2016-12-05 23:17:29,53
2016-12-05 23:17:34,54
2016-12-05 23:17:37,54
2016-12-05 23:17:40,54
2016-12-05 23:17:45,54
2016-12-05 23:17:52,54
2016-12-05 23:18:00,50
2016-12-05 23:18:04,50
2016-12-05 23:18:07,51
2016-12-05 23:18:15,52
2016-12-05 23:18:19,51
2016-12-05 23:18:21,51
2016-12-05 23:18:26,51
2016-12-05 23:18:31,51
2016-12-05 23:18:40,51
2016-12-05 23:18:44,50
2016-12-05 23:18:47,50
2016-12-05 23:18:51,50
2016-12-05 23:18:57,50
2016-12-05 23:19:05,51
2016-12-05 23:19:11,54
2016-12-05 23:19:12,55
2016-12-05 23:19:18,55
2016-12-05 23:19:23,51
2016-12-05 23:19:28,50
2016-12-05 23:19:36,55
2016-12-05 23:19:38,54
2016-12-05 23:19:43,52
2016-12-05 23:19:48,51
2016-12-05 23:19:53,51
2016-12-05 23:19:58,51
2016-12-05 23:20:03,51
2016-12-05 23:20:09,54
2016-12-05 23:20:14,53
2016-12-05 23:20:19,53
2016-12-05 23:20:27,50
2016-12-05 23:20:29,50
2016-12-05 23:20:34,48
2016-12-05 23:20:39,46
2016-12-05 23:20:45,46
2016-12-05 23:20:51,49
2016-12-05 23:21:00,50
2016-12-05 23:21:05,52
2016-12-05 23:21:06,52
2016-12-05 23:21:15,54
2016-12-05 23:21:20,51
2016-12-05 23:21:25,51
2016-12-05 23:21:29,52
2016-12-05 23:21:33,52
2016-12-05 23:21:36,52
2016-12-05 23:21:42,54
2016-12-05 23:21:50,51
2016-12-05 23:21:56,50
2016-12-05 23:21:58,50
2016-12-05 23:22:05,51
2016-12-05 23:22:08,51
2016-12-05 23:22:14,51
2016-12-05 23:22:22,53
2016-12-05 23:22:24,53
2016-12-05 23:22:31,54
2016-12-05 23:22:34,53
2016-12-05 23:22:40,52
2016-12-05 23:22:46,52
2016-12-05 23:22:50,52
2016-12-05 23:22:54,51
2016-12-05 23:22:59,50
2016-12-05 23:23:04,50
2016-12-05 23:23:09,50
2016-12-05 23:23:14,54
2016-12-05 23:23:23,52
2016-12-05 23:23:27,53
2016-12-05 23:23:33,53
2016-12-05 23:23:38,54
2016-12-05 23:23:40,55
2016-12-05 23:23:45,54
2016-12-05 23:23:55,51
2016-12-05 23:23:56,51
2016-12-05 23:24:02,51
2016-12-05 23:24:07,51
2016-12-05 23:24:15,47
2016-12-05 23:24:20,48
2016-12-05 23:24:26,49
2016-12-05 23:24:28,49
2016-12-05 23:24:33,50
2016-12-05 23:24:41,50
2016-12-05 23:24:43,50
2016-12-05 23:24:48,50
2016-12-05 23:24:56,50
2016-12-05 23:25:01,51
2016-12-05 23:25:03,52
2016-12-05 23:25:09,52
2016-12-05 23:25:14,52
2016-12-05 23:25:19,52
2016-12-05 23:25:24,51
2016-12-05 23:25:29,52
2016-12-05 23:25:37,51
2016-12-05 23:25:39,51
2016-12-05 23:25:45,51
2016-12-05 23:25:50,56
2016-12-05 23:25:59,50
2016-12-05 23:26:04,50
2016-12-05 23:26:06,50
2016-12-05 23:26:14,50
2016-12-05 23:26:20,49
2016-12-05 23:26:24,49
2016-12-05 23:26:27,49
2016-12-05 23:26:33,52
2016-12-05 23:26:38,52
2016-12-05 23:26:44,51
2016-12-05 23:26:48,51
2016-12-05 23:26:58,52
2016-12-05 23:27:00,52
2016-12-05 23:27:04,53
2016-12-05 23:27:09,52
2016-12-05 23:27:15,52
2016-12-05 23:27:20,52
2016-12-05 23:27:25,52
2016-12-05 23:27:30,50
2016-12-05 23:27:35,50
2016-12-05 23:27:40,50
2016-12-05 23:27:49,50
2016-12-05 23:27:52,50
2016-12-05 23:27:55,50
2016-12-05 23:28:00,50
2016-12-05 23:28:05,50
2016-12-05 23:28:11,51
2016-12-05 23:28:18,55
2016-12-05 23:28:23,55
2016-12-05 23:28:28,56
2016-12-05 23:28:37,50
2016-12-05 23:28:41,50
2016-12-05 23:28:44,49
2016-12-05 23:28:51,49
2016-12-05 23:28:58,49
2016-12-05 23:29:01,49
2016-12-05 23:29:06,49
2016-12-05 23:29:11,50
2016-12-05 23:29:21,52
2016-12-05 23:29:27,49
2016-12-05 23:29:30,48
2016-12-05 23:29:33,48
2016-12-05 23:29:41,48
2016-12-05 23:29:43,48
2016-12-05 23:29:53,51
2016-12-05 23:29:54,51
2016-12-05 23:29:59,52
2016-12-05 23:30:08,50
2016-12-05 23:30:13,49
2016-12-05 23:30:17,49
2016-12-05 23:30:21,49
2016-12-05 23:30:29,50
2016-12-05 23:30:32,50
2016-12-05 23:30:35,50
2016-12-05 23:30:40,50
2016-12-05 23:30:49,48
2016-12-05 23:30:54,47
2016-12-05 23:31:00,47
2016-12-05 23:31:04,47
2016-12-05 23:31:11,48
2016-12-05 23:31:12,48
2016-12-05 23:31:22,50
2016-12-05 23:31:23,50
2016-12-05 23:31:29,50
2016-12-05 23:31:34,50
2016-12-05 23:31:40,51
2016-12-05 23:31:44,52
2016-12-05 23:31:49,52
2016-12-05 23:31:54,52
2016-12-05 23:32:00,65
2016-12-05 23:32:08,58
2016-12-05 23:32:09,58
2016-12-05 23:32:14,59
2016-12-05 23:32:30,87
2016-12-05 23:32:31,87
2016-12-05 23:32:40,57
2016-12-05 23:32:44,59
2016-12-05 23:32:48,55
2016-12-05 23:32:54,50
2016-12-05 23:33:01,49
2016-12-05 23:33:06,49
2016-12-05 23:33:11,50
2016-12-05 23:33:16,50
2016-12-05 23:33:21,50
2016-12-05 23:33:26,50
2016-12-05 23:33:32,50
2016-12-05 23:33:36,50
2016-12-05 23:33:42,50
2016-12-05 23:33:47,50
2016-12-05 23:33:52,51
2016-12-05 23:33:57,50
2016-12-05 23:34:02,50
2016-12-05 23:34:03,50
2016-12-05 23:34:11,50
2016-12-05 23:34:18,50
2016-12-05 23:34:19,50
2016-12-05 23:34:28,50
2016-12-05 23:34:33,50
2016-12-05 23:34:36,51
2016-12-05 23:34:41,58
2016-12-05 23:34:50,47
2016-12-05 23:34:55,48
2016-12-05 23:34:57,50
2016-12-05 23:35:06,57
2016-12-05 23:35:11,64
2016-12-05 23:35:14,64
2016-12-05 23:35:17,64
2016-12-05 23:35:26,74
2016-12-05 23:35:28,73
2016-12-05 23:35:38,50
2016-12-05 23:35:43,49
2016-12-05 23:35:48,49
2016-12-05 23:35:53,50
2016-12-05 23:35:59,50
2016-12-05 23:36:05,49
2016-12-05 23:36:10,48
2016-12-05 23:36:14,48
2016-12-05 23:36:20,48
2016-12-05 23:36:26,48
2016-12-05 23:36:31,48
2016-12-05 23:36:36,49
2016-12-05 23:36:41,49
2016-12-05 23:36:42,49
2016-12-05 23:36:47,49
2016-12-05 23:36:52,49
2016-12-05 23:36:57,49
2016-12-05 23:37:07,49
2016-12-05 23:37:08,49
2016-12-05 23:37:13,49
2016-12-05 23:37:20,49
2016-12-05 23:37:23,49
2016-12-05 23:37:28,49
2016-12-05 23:37:36,56
2016-12-05 23:37:38,55
2016-12-05 23:37:43,53
2016-12-05 23:37:51,47
2016-12-05 23:37:53,47
2016-12-05 23:38:00,48
2016-12-05 23:38:05,48
2016-12-05 23:38:11,54
2016-12-05 23:38:19,71
2016-12-05 23:38:21,71
2016-12-05 23:38:26,71
2016-12-05 23:38:36,47
2016-12-05 23:38:41,48
2016-12-05 23:38:46,48
2016-12-05 23:38:51,48
2016-12-05 23:38:56,49
2016-12-05 23:39:01,49
2016-12-05 23:39:06,49
2016-12-05 23:39:11,49
2016-12-05 23:39:16,49
2016-12-05 23:39:21,49
2016-12-05 23:39:23,49
2016-12-05 23:39:27,49
2016-12-05 23:39:36,49
2016-12-05 23:39:39,49
2016-12-05 23:39:43,49
2016-12-05 23:39:50,49
2016-12-05 23:39:53,49
2016-12-05 23:39:58,49
2016-12-05 23:40:03,49
2016-12-05 23:40:08,49
2016-12-05 23:40:16,50
2016-12-05 23:40:19,50
2016-12-05 23:40:24,50
2016-12-05 23:40:29,50
2016-12-05 23:40:34,50
2016-12-05 23:40:39,50
2016-12-05 23:40:48,48
2016-12-05 23:40:50,48
2016-12-05 23:40:55,48
2016-12-05 23:41:01,49
2016-12-05 23:41:06,49
2016-12-05 23:41:11,48
2016-12-05 23:41:16,48
2016-12-05 23:41:22,48
2016-12-05 23:41:28,48
2016-12-05 23:41:32,48
2016-12-05 23:41:37,48
2016-12-05 23:41:42,48
2016-12-05 23:41:47,48
2016-12-05 23:41:57,49
2016-12-05 23:41:58,49
2016-12-05 23:42:03,50
2016-12-05 23:42:08,50
2016-12-05 23:42:13,50
2016-12-05 23:42:18,50
2016-12-05 23:42:24,50
2016-12-05 23:42:30,50
2016-12-05 23:42:39,48
2016-12-05 23:42:40,48
2016-12-05 23:42:46,48
2016-12-05 23:42:52,48
2016-12-05 23:42:57,48
2016-12-05 23:43:02,48
2016-12-05 23:43:07,49
2016-12-05 23:43:12,49
2016-12-05 23:43:19,49
2016-12-05 23:43:23,49
2016-12-05 23:43:28,49
2016-12-05 23:43:33,49
2016-12-05 23:43:39,49
2016-12-05 23:43:44,49
2016-12-05 23:43:49,49
2016-12-05 23:43:59,44
2016-12-05 23:44:03,44
2016-12-05 23:44:08,45
2016-12-05 23:44:13,47
2016-12-05 23:44:17,47
2016-12-05 23:44:20,47
2016-12-05 23:44:25,48
2016-12-05 23:44:31,48
2016-12-05 23:44:37,48
2016-12-05 23:44:42,48
2016-12-05 23:44:47,49
2016-12-05 23:44:52,49
2016-12-05 23:44:58,49
2016-12-05 23:45:03,49
2016-12-05 23:45:08,49
2016-12-05 23:45:13,49
2016-12-05 23:45:21,49
2016-12-05 23:45:23,49
2016-12-05 23:45:28,50
2016-12-05 23:45:37,46
2016-12-05 23:45:41,46
2016-12-05 23:45:43,47
2016-12-05 23:45:49,47
2016-12-05 23:45:53,48
2016-12-05 23:45:58,48
2016-12-05 23:46:03,48
2016-12-05 23:46:08,48
2016-12-05 23:46:13,48
2016-12-05 23:46:18,48
2016-12-05 23:46:23,48
2016-12-05 23:46:28,48
2016-12-05 23:46:33,48
2016-12-05 23:46:39,48
2016-12-05 23:46:45,48
2016-12-05 23:46:51,48
2016-12-05 23:46:57,49
2016-12-05 23:47:02,49
2016-12-05 23:47:08,48
2016-12-05 23:47:12,48
2016-12-05 23:47:17,48
2016-12-05 23:47:24,48
2016-12-05 23:47:27,48
2016-12-05 23:47:32,48
2016-12-05 23:47:37,48
2016-12-05 23:47:42,48
2016-12-05 23:47:47,49
2016-12-05 23:47:52,49
2016-12-05 23:47:57,52
2016-12-05 23:48:06,47
2016-12-05 23:48:10,47
2016-12-05 23:48:12,47
2016-12-05 23:48:17,46
2016-12-05 23:48:23,46
2016-12-05 23:48:30,47
2016-12-05 23:48:34,47
2016-12-05 23:48:39,48
2016-12-05 23:48:47,48
2016-12-05 23:48:50,48
2016-12-05 23:48:54,48
2016-12-05 23:49:03,49
2016-12-05 23:49:04,49
2016-12-05 23:49:12,49
2016-12-05 23:49:14,49
2016-12-05 23:49:20,49
2016-12-05 23:49:25,49
2016-12-05 23:49:31,48
2016-12-05 23:49:36,48
2016-12-05 23:49:41,48
2016-12-05 23:49:46,48
2016-12-05 23:49:55,50
2016-12-05 23:49:58,50
2016-12-05 23:50:03,50
2016-12-05 23:50:08,49
2016-12-05 23:50:14,49
2016-12-05 23:50:20,49
2016-12-05 23:50:25,49
2016-12-05 23:50:30,49
2016-12-05 23:50:35,49
2016-12-05 23:50:41,49
2016-12-05 23:50:46,49
2016-12-05 23:50:52,49
2016-12-05 23:50:58,49
2016-12-05 23:51:03,49
2016-12-05 23:51:13,49
2016-12-05 23:51:14,49
2016-12-05 23:51:24,49
2016-12-05 23:51:25,49
2016-12-05 23:51:30,49
2016-12-05 23:51:36,49
2016-12-05 23:51:41,49
2016-12-05 23:51:46,49
2016-12-05 23:51:52,49
2016-12-05 23:51:57,49
2016-12-05 23:52:02,49
2016-12-05 23:52:07,49
2016-12-05 23:52:12,49
2016-12-05 23:52:17,49
2016-12-05 23:52:27,47
2016-12-05 23:52:33,46
2016-12-05 23:52:37,47
2016-12-05 23:52:39,47
2016-12-05 23:52:44,48
2016-12-05 23:52:49,48
2016-12-05 23:52:54,48
2016-12-05 23:52:59,49
2016-12-05 23:53:04,50
2016-12-05 23:53:11,49
2016-12-05 23:53:14,49
2016-12-05 23:53:19,49
2016-12-05 23:53:24,49
2016-12-05 23:53:32,49
2016-12-05 23:53:37,49
2016-12-05 23:53:39,49
2016-12-05 23:53:45,49
2016-12-05 23:53:50,49
2016-12-05 23:53:58,49
2016-12-05 23:54:01,49
2016-12-05 23:54:07,49
2016-12-05 23:54:11,49
2016-12-05 23:54:16,49
2016-12-05 23:54:21,49
2016-12-05 23:54:28,49
2016-12-05 23:54:33,49
2016-12-05 23:54:36,49
2016-12-05 23:54:41,49
2016-12-05 23:54:46,49
2016-12-05 23:54:52,49
2016-12-05 23:54:57,48
2016-12-05 23:55:02,49
2016-12-05 23:55:09,50
2016-12-05 23:55:14,48
2016-12-05 23:55:17,48
2016-12-05 23:55:22,48
2016-12-05 23:55:28,49
2016-12-05 23:55:33,48
2016-12-05 23:55:39,49
2016-12-05 23:55:45,49
2016-12-05 23:55:53,48
2016-12-05 23:55:54,48
2016-12-05 23:55:59,48
2016-12-05 23:56:06,49
2016-12-05 23:56:11,49
2016-12-05 23:56:16,49
2016-12-05 23:56:21,49
2016-12-05 23:56:26,49
2016-12-05 23:56:34,49
2016-12-05 23:56:36,49
2016-12-05 23:56:41,49
2016-12-05 23:56:47,49
2016-12-05 23:56:52,48
2016-12-05 23:56:57,49
2016-12-05 23:57:02,49
2016-12-05 23:57:07,49
2016-12-05 23:57:12,49
2016-12-05 23:57:18,49
2016-12-05 23:57:23,49
2016-12-05 23:57:28,49
2016-12-05 23:57:35,49
2016-12-05 23:57:38,49
2016-12-05 23:57:43,49
2016-12-05 23:57:48,49
2016-12-05 23:57:54,49
2016-12-05 23:58:00,49
2016-12-05 23:58:05,49
2016-12-05 23:58:10,49
2016-12-05 23:58:16,49
2016-12-05 23:58:21,49
2016-12-05 23:58:26,49
2016-12-05 23:58:32,49
2016-12-05 23:58:37,49
2016-12-05 23:58:44,49
2016-12-05 23:58:47,49
2016-12-05 23:58:52,48
2016-12-05 23:58:57,48
2016-12-05 23:59:02,49
2016-12-05 23:59:11,50
2016-12-05 23:59:12,50
2016-12-05 23:59:19,49
2016-12-05 23:59:23,49
2016-12-05 23:59:33,50
2016-12-05 23:59:34,50
2016-12-05 23:59:44,49
2016-12-05 23:59:45,49
2016-12-05 23:59:50,49
2016-12-05 23:59:55,49
2016-12-06 00:00:00,49
2016-12-06 00:00:05,48
2016-12-06 00:00:10,48
2016-12-06 00:00:15,48
2016-12-06 00:00:21,48
2016-12-06 00:00:26,49
2016-12-06 00:00:32,49
2016-12-06 00:00:38,49
2016-12-06 00:00:44,49
2016-12-06 00:00:49,48
2016-12-06 00:00:59,47
2016-12-06 00:01:00,47
2016-12-06 00:01:10,49
2016-12-06 00:01:11,49
2016-12-06 00:01:17,49
2016-12-06 00:01:23,49
2016-12-06 00:01:26,49
2016-12-06 00:01:32,49
2016-12-06 00:01:38,49
2016-12-06 00:01:47,49
2016-12-06 00:01:48,49
2016-12-06 00:01:53,49
2016-12-06 00:01:58,49
2016-12-06 00:02:04,49
2016-12-06 00:02:09,50
2016-12-06 00:02:14,49
2016-12-06 00:02:19,47
2016-12-06 00:02:27,47
2016-12-06 00:02:29,47
2016-12-06 00:02:39,48
2016-12-06 00:02:41,49
2016-12-06 00:02:45,49
2016-12-06 00:02:50,49
2016-12-06 00:02:55,49
2016-12-06 00:03:00,49
2016-12-06 00:03:06,49
2016-12-06 00:03:11,49
2016-12-06 00:03:16,49
2016-12-06 00:03:21,49
2016-12-06 00:03:30,49
2016-12-06 00:03:32,49
2016-12-06 00:03:38,49
2016-12-06 00:03:43,49
2016-12-06 00:03:49,49
2016-12-06 00:03:54,49
2016-12-06 00:03:59,49
2016-12-06 00:04:04,49
2016-12-06 00:04:10,49
2016-12-06 00:04:14,49
2016-12-06 00:04:19,49
2016-12-06 00:04:25,48
2016-12-06 00:04:33,48
2016-12-06 00:04:36,48
2016-12-06 00:04:41,48
2016-12-06 00:04:46,48
2016-12-06 00:04:54,49
2016-12-06 00:04:56,49
2016-12-06 00:05:01,49
2016-12-06 00:05:06,49
2016-12-06 00:05:11,49
2016-12-06 00:05:16,49
2016-12-06 00:05:21,49
2016-12-06 00:05:26,49
2016-12-06 00:05:32,49
2016-12-06 00:05:41,50
2016-12-06 00:05:46,49
2016-12-06 00:05:49,49
2016-12-06 00:05:54,49
2016-12-06 00:05:59,49
2016-12-06 00:06:04,49
2016-12-06 00:06:09,49
2016-12-06 00:06:14,49
2016-12-06 00:06:19,48
2016-12-06 00:06:25,48
2016-12-06 00:06:30,48
2016-12-06 00:06:35,48
2016-12-06 00:06:40,48
2016-12-06 00:06:46,49
2016-12-06 00:06:52,49
2016-12-06 00:06:58,49
2016-12-06 00:07:03,49
2016-12-06 00:07:08,49
2016-12-06 00:07:13,49
2016-12-06 00:07:19,49
2016-12-06 00:07:24,49
2016-12-06 00:07:32,49
2016-12-06 00:07:34,49
2016-12-06 00:07:39,49
2016-12-06 00:07:44,49
2016-12-06 00:07:50,49
2016-12-06 00:07:55,49
2016-12-06 00:08:04,49
2016-12-06 00:08:08,49
2016-12-06 00:08:10,49
2016-12-06 00:08:16,49
2016-12-06 00:08:21,49
2016-12-06 00:08:31,46
2016-12-06 00:08:35,46
2016-12-06 00:08:37,46
2016-12-06 00:08:42,47
2016-12-06 00:08:47,53
2016-12-06 00:08:55,49
2016-12-06 00:09:03,47
2016-12-06 00:09:07,47
2016-12-06 00:09:14,47
2016-12-06 00:09:15,47
2016-12-06 00:09:23,49
2016-12-06 00:09:25,49
2016-12-06 00:09:30,49
2016-12-06 00:09:35,49
2016-12-06 00:09:43,49
2016-12-06 00:09:45,49
2016-12-06 00:09:51,49
2016-12-06 00:09:56,49
2016-12-06 00:10:02,49
2016-12-06 00:10:08,48
2016-12-06 00:10:15,48
2016-12-06 00:10:19,49
2016-12-06 00:10:25,49
2016-12-06 00:10:31,49
2016-12-06 00:10:36,49
2016-12-06 00:10:44,48
2016-12-06 00:10:46,48
2016-12-06 00:10:52,48
2016-12-06 00:10:57,48
2016-12-06 00:11:02,48
2016-12-06 00:11:07,48
2016-12-06 00:11:12,49
2016-12-06 00:11:18,48
2016-12-06 00:11:23,49
2016-12-06 00:11:28,49
2016-12-06 00:11:34,48
2016-12-06 00:11:39,48
2016-12-06 00:11:45,48
2016-12-06 00:11:50,49
2016-12-06 00:11:55,49
2016-12-06 00:12:04,49
2016-12-06 00:12:09,48
2016-12-06 00:12:13,49
2016-12-06 00:12:22,55
2016-12-06 00:12:27,55
2016-12-06 00:12:29,55
2016-12-06 00:12:37,50
2016-12-06 00:12:39,50
2016-12-06 00:12:47,48
2016-12-06 00:12:49,48
2016-12-06 00:12:55,48
2016-12-06 00:13:06,48
2016-12-06 00:13:07,48
2016-12-06 00:13:12,52
2016-12-06 00:13:22,69
2016-12-06 00:13:23,69
2016-12-06 00:13:32,77
2016-12-06 00:13:39,86
2016-12-06 00:13:44,87
2016-12-06 00:13:46,87
2016-12-06 00:13:50,87
2016-12-06 00:13:55,87
2016-12-06 00:14:01,87
2016-12-06 00:14:08,100
2016-12-06 00:14:15,54
2016-12-06 00:14:20,52
2016-12-06 00:14:26,49
2016-12-06 00:14:31,46
2016-12-06 00:14:36,45
2016-12-06 00:14:41,46
2016-12-06 00:14:46,46
2016-12-06 00:14:51,47
2016-12-06 00:14:53,47
2016-12-06 00:15:01,48
2016-12-06 00:15:06,48
2016-12-06 00:15:11,49
2016-12-06 00:15:15,49
2016-12-06 00:15:21,49
2016-12-06 00:15:24,49
2016-12-06 00:15:32,53
2016-12-06 00:15:37,51
2016-12-06 00:15:41,49
2016-12-06 00:15:46,46
2016-12-06 00:15:49,46
2016-12-06 00:15:56,47
2016-12-06 00:15:58,47
2016-12-06 00:16:03,47
2016-12-06 00:16:08,47
2016-12-06 00:16:14,50
2016-12-06 00:16:23,49
2016-12-06 00:16:28,50
2016-12-06 00:16:30,50
2016-12-06 00:16:40,48
2016-12-06 00:16:43,47
2016-12-06 00:16:47,46
2016-12-06 00:16:51,47
2016-12-06 00:17:00,50
2016-12-06 00:17:05,49
2016-12-06 00:17:10,48
2016-12-06 00:17:15,48
2016-12-06 00:17:17,48
2016-12-06 00:17:27,50
2016-12-06 00:17:31,50
2016-12-06 00:17:37,49
2016-12-06 00:17:43,49
2016-12-06 00:17:44,49
2016-12-06 00:17:49,47
2016-12-06 00:17:56,46
2016-12-06 00:18:02,46
2016-12-06 00:18:08,47
2016-12-06 00:18:11,47
2016-12-06 00:18:18,49
2016-12-06 00:18:22,49
2016-12-06 00:18:26,49
2016-12-06 00:18:31,49
2016-12-06 00:18:37,49
2016-12-06 00:18:42,49
2016-12-06 00:18:52,48
2016-12-06 00:18:53,48
2016-12-06 00:18:58,48
2016-12-06 00:19:04,47
2016-12-06 00:19:09,47
2016-12-06 00:19:14,47
2016-12-06 00:19:19,47
2016-12-06 00:19:25,47
2016-12-06 00:19:30,47
2016-12-06 00:19:37,48
2016-12-06 00:19:41,48
2016-12-06 00:19:46,48
2016-12-06 00:19:52,48
2016-12-06 00:19:57,48
2016-12-06 00:20:03,48
2016-12-06 00:20:09,48
2016-12-06 00:20:17,46
2016-12-06 00:20:20,46
2016-12-06 00:20:26,47
2016-12-06 00:20:33,47
2016-12-06 00:20:37,47
2016-12-06 00:20:42,48
2016-12-06 00:20:47,49
2016-12-06 00:20:52,49
2016-12-06 00:20:57,48
2016-12-06 00:21:02,48
2016-12-06 00:21:08,48
2016-12-06 00:21:15,48
2016-12-06 00:21:17,48
2016-12-06 00:21:22,48
2016-12-06 00:21:29,48
2016-12-06 00:21:34,48
2016-12-06 00:21:39,48
2016-12-06 00:21:45,48
2016-12-06 00:21:50,48
2016-12-06 00:21:55,48
2016-12-06 00:22:00,48
2016-12-06 00:22:05,48
2016-12-06 00:22:10,48
2016-12-06 00:22:16,48
2016-12-06 00:22:23,47
2016-12-06 00:22:33,47
2016-12-06 00:22:36,48
2016-12-06 00:22:39,48
2016-12-06 00:22:44,48
2016-12-06 00:22:49,49
2016-12-06 00:22:54,49
2016-12-06 00:22:59,49
2016-12-06 00:23:04,49
2016-12-06 00:23:09,48
2016-12-06 00:23:14,48
2016-12-06 00:23:19,49
2016-12-06 00:23:29,48
2016-12-06 00:23:30,48
2016-12-06 00:23:36,48
2016-12-06 00:23:41,49
2016-12-06 00:23:46,49
2016-12-06 00:23:51,49
2016-12-06 00:23:56,49
2016-12-06 00:24:01,49
2016-12-06 00:24:06,49
2016-12-06 00:24:14,49
2016-12-06 00:24:16,49
2016-12-06 00:24:21,49
2016-12-06 00:24:26,49
2016-12-06 00:24:31,49
2016-12-06 00:24:36,46
2016-12-06 00:24:42,44
2016-12-06 00:24:47,44
2016-12-06 00:24:52,48
2016-12-06 00:24:58,50
2016-12-06 00:25:03,50
2016-12-06 00:25:12,50
2016-12-06 00:25:16,49
2016-12-06 00:25:20,49
2016-12-06 00:25:26,49
2016-12-06 00:25:29,49
2016-12-06 00:25:33,49
2016-12-06 00:25:39,49
2016-12-06 00:25:44,50
2016-12-06 00:25:53,50
2016-12-06 00:25:56,50
2016-12-06 00:26:05,52
2016-12-06 00:26:10,51
2016-12-06 00:26:17,50
2016-12-06 00:26:18,50
2016-12-06 00:26:25,50
2016-12-06 00:26:33,50
2016-12-06 00:26:34,50
2016-12-06 00:26:40,50
2016-12-06 00:26:46,52
2016-12-06 00:26:52,50
2016-12-06 00:26:56,50
2016-12-06 00:27:04,50
2016-12-06 00:27:06,50
2016-12-06 00:27:11,51
2016-12-06 00:27:16,51
2016-12-06 00:27:22,52
2016-12-06 00:27:26,52
2016-12-06 00:27:33,53
2016-12-06 00:27:38,52
2016-12-06 00:27:42,49
2016-12-06 00:27:47,47
2016-12-06 00:27:53,48
2016-12-06 00:27:58,48
2016-12-06 00:28:04,49
2016-12-06 00:28:13,50
2016-12-06 00:28:18,49
2016-12-06 00:28:20,49
2016-12-06 00:28:27,50
2016-12-06 00:28:30,50
2016-12-06 00:28:36,50
2016-12-06 00:28:46,50
2016-12-06 00:28:50,50
2016-12-06 00:28:54,50
2016-12-06 00:29:00,50
2016-12-06 00:29:02,50
2016-12-06 00:29:10,57
2016-12-06 00:29:12,57
2016-12-06 00:29:21,50
2016-12-06 00:29:25,50
2016-12-06 00:29:32,50
2016-12-06 00:29:37,50
2016-12-06 00:29:39,50
2016-12-06 00:29:44,50
2016-12-06 00:29:49,50
2016-12-06 00:29:56,50
2016-12-06 00:29:59,50
2016-12-06 00:30:07,50
2016-12-06 00:30:11,51
2016-12-06 00:30:14,51
2016-12-06 00:30:19,51
2016-12-06 00:30:25,51
2016-12-06 00:30:33,52
2016-12-06 00:30:35,52
2016-12-06 00:30:40,50
2016-12-06 00:30:45,50
2016-12-06 00:30:50,50
2016-12-06 00:30:55,50
2016-12-06 00:31:04,55
2016-12-06 00:31:05,55
2016-12-06 00:31:12,53
2016-12-06 00:31:19,51
2016-12-06 00:31:23,50
2016-12-06 00:31:26,50
2016-12-06 00:31:30,50
2016-12-06 00:31:35,50
2016-12-06 00:31:41,50
2016-12-06 00:31:45,50
2016-12-06 00:31:50,50
2016-12-06 00:31:57,50
2016-12-06 00:32:01,51
2016-12-06 00:32:08,51
2016-12-06 00:32:11,50
2016-12-06 00:32:16,50
2016-12-06 00:32:21,51
2016-12-06 00:32:31,51
2016-12-06 00:32:32,51
2016-12-06 00:32:41,46
2016-12-06 00:32:44,46
2016-12-06 00:32:50,46
2016-12-06 00:32:57,46
2016-12-06 00:32:59,46
2016-12-06 00:33:04,47
2016-12-06 00:33:10,48
2016-12-06 00:33:16,49
2016-12-06 00:33:26,49
2016-12-06 00:33:29,49
2016-12-06 00:33:32,49
2016-12-06 00:33:39,48
2016-12-06 00:33:43,47
2016-12-06 00:33:48,47
2016-12-06 00:33:55,47
2016-12-06 00:34:00,47
2016-12-06 00:34:05,48
2016-12-06 00:34:11,49
2016-12-06 00:34:17,49
2016-12-06 00:34:20,49
2016-12-06 00:34:27,49
2016-12-06 00:34:35,49
2016-12-06 00:34:37,49
2016-12-06 00:34:43,49
2016-12-06 00:34:47,49
2016-12-06 00:34:51,49
2016-12-06 00:34:56,50
2016-12-06 00:35:01,51
2016-12-06 00:35:06,51
2016-12-06 00:35:12,52
2016-12-06 00:35:17,52
2016-12-06 00:35:26,53
2016-12-06 00:35:31,52
2016-12-06 00:35:35,51
2016-12-06 00:35:43,50
2016-12-06 00:35:46,50
2016-12-06 00:35:54,51
2016-12-06 00:35:55,51
2016-12-06 00:36:00,55
2016-12-06 00:36:07,53
2016-12-06 00:36:17,49
2016-12-06 00:36:20,49
2016-12-06 00:36:24,49
2016-12-06 00:36:30,49
2016-12-06 00:36:33,49
2016-12-06 00:36:40,49
2016-12-06 00:36:43,49
2016-12-06 00:36:48,52
2016-12-06 00:36:54,57
2016-12-06 00:37:00,51
2016-12-06 00:37:10,50
2016-12-06 00:37:13,49
2016-12-06 00:37:19,49
2016-12-06 00:37:25,49
2016-12-06 00:37:26,49
2016-12-06 00:37:33,50
2016-12-06 00:37:37,50
2016-12-06 00:37:47,50
2016-12-06 00:37:52,50
2016-12-06 00:37:57,50
2016-12-06 00:37:59,50
2016-12-06 00:38:09,50
2016-12-06 00:38:12,50
2016-12-06 00:38:15,50
2016-12-06 00:38:23,52
2016-12-06 00:38:27,51
2016-12-06 00:38:32,51
2016-12-06 00:38:39,50
2016-12-06 00:38:48,52
2016-12-06 00:38:54,49
2016-12-06 00:38:55,48
2016-12-06 00:39:00,48
2016-12-06 00:39:05,47
2016-12-06 00:39:11,47
2016-12-06 00:39:16,47
2016-12-06 00:39:24,47
2016-12-06 00:39:30,47
2016-12-06 00:39:34,47
2016-12-06 00:39:41,48
2016-12-06 00:39:43,48
2016-12-06 00:39:48,48
2016-12-06 00:39:53,48
2016-12-06 00:39:58,48
2016-12-06 00:40:04,49
2016-12-06 00:40:08,49
2016-12-06 00:40:13,50
2016-12-06 00:40:20,54
2016-12-06 00:40:23,53
2016-12-06 00:40:29,53
2016-12-06 00:40:36,51
2016-12-06 00:40:42,50
2016-12-06 00:40:47,50
2016-12-06 00:40:50,50
2016-12-06 00:40:55,50
2016-12-06 00:41:04,50
2016-12-06 00:41:06,50
2016-12-06 00:41:11,50
2016-12-06 00:41:16,50
2016-12-06 00:41:22,52
2016-12-06 00:41:29,52
2016-12-06 00:41:36,51
2016-12-06 00:41:38,51
2016-12-06 00:41:46,51
2016-12-06 00:41:53,51
2016-12-06 00:41:55,51
2016-12-06 00:42:01,50
2016-12-06 00:42:07,50
2016-12-06 00:42:12,50
2016-12-06 00:42:21,50
2016-12-06 00:42:23,50
2016-12-06 00:42:28,50
2016-12-06 00:42:34,50
2016-12-06 00:42:39,50
2016-12-06 00:42:44,50
2016-12-06 00:42:49,50
2016-12-06 00:42:54,50
2016-12-06 00:43:00,47
2016-12-06 00:43:05,47
2016-12-06 00:43:09,47
2016-12-06 00:43:14,48
2016-12-06 00:43:19,49
2016-12-06 00:43:24,50
2016-12-06 00:43:31,51
2016-12-06 00:43:35,50
2016-12-06 00:43:42,49
2016-12-06 00:43:46,49
2016-12-06 00:43:51,49
2016-12-06 00:43:56,49
2016-12-06 00:44:05,49
2016-12-06 00:44:09,49
2016-12-06 00:44:12,49
2016-12-06 00:44:17,49
2016-12-06 00:44:23,49
2016-12-06 00:44:28,49
2016-12-06 00:44:33,50
2016-12-06 00:44:42,50
2016-12-06 00:44:46,50
2016-12-06 00:44:49,50
2016-12-06 00:44:53,50
2016-12-06 00:44:58,50
2016-12-06 00:45:05,48
2016-12-06 00:45:08,47
2016-12-06 00:45:13,48
2016-12-06 00:45:19,49
2016-12-06 00:45:24,50
2016-12-06 00:45:30,47
2016-12-06 00:45:36,47
2016-12-06 00:45:41,47
2016-12-06 00:45:46,46
2016-12-06 00:45:54,44
2016-12-06 00:46:01,43
2016-12-06 00:46:04,43
2016-12-06 00:46:09,44
2016-12-06 00:46:18,50
2016-12-06 00:46:21,52
2016-12-06 00:46:28,56
2016-12-06 00:46:29,56
2016-12-06 00:46:34,53
2016-12-06 00:46:39,55
2016-12-06 00:46:44,55
2016-12-06 00:46:50,55
2016-12-06 00:46:55,55
2016-12-06 00:47:03,83
2016-12-06 00:47:09,62
2016-12-06 00:47:14,61
2016-12-06 00:47:19,58
2016-12-06 00:47:24,58
2016-12-06 00:47:29,57
2016-12-06 00:47:35,54
2016-12-06 00:47:38,54
2016-12-06 00:47:45,52
2016-12-06 00:47:47,52
2016-12-06 00:47:54,52
2016-12-06 00:47:57,53
2016-12-06 00:48:06,51
2016-12-06 00:48:07,51
2016-12-06 00:48:12,50
2016-12-06 00:48:17,50
2016-12-06 00:48:24,50
2016-12-06 00:48:29,50
2016-12-06 00:48:33,50
2016-12-06 00:48:40,55
2016-12-06 00:48:48,51
2016-12-06 00:48:52,50
2016-12-06 00:48:54,50
2016-12-06 00:49:02,50
2016-12-06 00:49:09,50
2016-12-06 00:49:13,50
2016-12-06 00:49:15,50
2016-12-06 00:49:21,50
2016-12-06 00:49:26,50
2016-12-06 00:49:31,50
2016-12-06 00:49:36,50
2016-12-06 00:49:42,50
2016-12-06 00:49:47,50
2016-12-06 00:49:52,50
2016-12-06 00:49:57,50
2016-12-06 00:50:02,52
2016-12-06 00:50:09,50
2016-12-06 00:50:17,50
2016-12-06 00:50:22,50
2016-12-06 00:50:23,50
2016-12-06 00:50:28,50
2016-12-06 00:50:33,49
2016-12-06 00:50:43,48
2016-12-06 00:50:47,47
2016-12-06 00:50:51,48
2016-12-06 00:50:54,48
2016-12-06 00:51:02,49
2016-12-06 00:51:04,50
2016-12-06 00:51:10,53
2016-12-06 00:51:15,52
2016-12-06 00:51:19,52
2016-12-06 00:51:24,52
2016-12-06 00:51:35,83
2016-12-06 00:51:36,82
2016-12-06 00:51:46,53
2016-12-06 00:51:52,74
2016-12-06 00:51:53,74
2016-12-06 00:52:03,74
2016-12-06 00:52:06,74
2016-12-06 00:52:09,74
2016-12-06 00:52:19,74
2016-12-06 00:52:23,72
2016-12-06 00:52:25,72
2016-12-06 00:52:30,72
2016-12-06 00:52:39,48
2016-12-06 00:52:44,47
2016-12-06 00:52:49,47
2016-12-06 00:52:54,48
2016-12-06 00:53:00,50
2016-12-06 00:53:05,50
2016-12-06 00:53:10,51
2016-12-06 00:53:16,53
2016-12-06 00:53:18,54
2016-12-06 00:53:26,49
2016-12-06 00:53:29,48
2016-12-06 00:53:36,47
2016-12-06 00:53:38,47
2016-12-06 00:53:43,47
2016-12-06 00:53:48,49
2016-12-06 00:53:54,51
2016-12-06 00:53:59,53
2016-12-06 00:54:08,49
2016-12-06 00:54:09,49
2016-12-06 00:54:14,49
2016-12-06 00:54:23,50
2016-12-06 00:54:25,50
2016-12-06 00:54:30,50
2016-12-06 00:54:36,50
2016-12-06 00:54:41,49
2016-12-06 00:54:49,49
2016-12-06 00:54:51,49
2016-12-06 00:54:59,49
2016-12-06 00:55:03,48
2016-12-06 00:55:12,48
2016-12-06 00:55:13,48
2016-12-06 00:55:18,48
2016-12-06 00:55:23,48
2016-12-06 00:55:33,49
2016-12-06 00:55:38,52
2016-12-06 00:55:39,52
2016-12-06 00:55:44,51
2016-12-06 00:55:50,50
2016-12-06 00:55:55,50
2016-12-06 00:56:00,50
2016-12-06 00:56:05,50
2016-12-06 00:56:10,50
2016-12-06 00:56:15,50
2016-12-06 00:56:20,50
2016-12-06 00:56:26,48
2016-12-06 00:56:30,49
2016-12-06 00:56:35,50
2016-12-06 00:56:43,54
2016-12-06 00:56:50,51
2016-12-06 00:56:54,48
2016-12-06 00:57:01,46
2016-12-06 00:57:05,46
2016-12-06 00:57:07,47
2016-12-06 00:57:16,49
2016-12-06 00:57:21,50
2016-12-06 00:57:25,49
2016-12-06 00:57:27,49
2016-12-06 00:57:32,49
2016-12-06 00:57:42,47
2016-12-06 00:57:47,45
2016-12-06 00:57:52,46
2016-12-06 00:57:56,47
2016-12-06 00:58:00,49
2016-12-06 00:58:05,55
2016-12-06 00:58:10,50
2016-12-06 00:58:20,46
2016-12-06 00:58:25,46
2016-12-06 00:58:30,47
2016-12-06 00:58:35,47
2016-12-06 00:58:41,46
2016-12-06 00:58:46,46
2016-12-06 00:58:51,46
2016-12-06 00:58:57,47
2016-12-06 00:58:59,47
2016-12-06 00:59:06,48
2016-12-06 00:59:10,49
2016-12-06 00:59:17,48
2016-12-06 00:59:22,48
2016-12-06 00:59:25,49
2016-12-06 00:59:32,49
2016-12-06 00:59:35,49
2016-12-06 00:59:40,49
2016-12-06 00:59:45,49
2016-12-06 00:59:54,48
2016-12-06 00:59:55,48
2016-12-06 01:00:00,48
2016-12-06 01:00:06,48
2016-12-06 01:00:11,49
2016-12-06 01:00:16,49
2016-12-06 01:00:26,50
2016-12-06 01:00:31,49
2016-12-06 01:00:34,49
2016-12-06 01:00:40,50
2016-12-06 01:00:42,50
2016-12-06 01:00:47,50
2016-12-06 01:00:52,50
2016-12-06 01:01:00,49
2016-12-06 01:01:02,49
2016-12-06 01:01:07,49
2016-12-06 01:01:16,49
2016-12-06 01:01:21,49
2016-12-06 01:01:23,50
2016-12-06 01:01:29,49
2016-12-06 01:01:34,50
2016-12-06 01:01:39,50
2016-12-06 01:01:44,50
2016-12-06 01:01:49,50
2016-12-06 01:01:55,50
2016-12-06 01:02:00,50
2016-12-06 01:02:05,50
2016-12-06 01:02:10,50
2016-12-06 01:02:15,50
2016-12-06 01:02:20,50
2016-12-06 01:02:25,50
2016-12-06 01:02:30,49
2016-12-06 01:02:35,49
2016-12-06 01:02:41,49
2016-12-06 01:02:46,50
2016-12-06 01:02:52,50
2016-12-06 01:02:57,53
2016-12-06 01:03:02,51
2016-12-06 01:03:11,48
2016-12-06 01:03:13,48
2016-12-06 01:03:18,48
2016-12-06 01:03:23,48
2016-12-06 01:03:29,49
2016-12-06 01:03:37,49
2016-12-06 01:03:45,47
2016-12-06 01:03:49,46
2016-12-06 01:03:51,46
2016-12-06 01:03:59,46
2016-12-06 01:04:01,47
2016-12-06 01:04:06,47
2016-12-06 01:04:11,47
2016-12-06 01:04:17,47
2016-12-06 01:04:23,48
2016-12-06 01:04:28,47
2016-12-06 01:04:33,48
2016-12-06 01:04:38,48
2016-12-06 01:04:43,49
2016-12-06 01:04:48,50
2016-12-06 01:04:55,47
2016-12-06 01:05:03,47
2016-12-06 01:05:04,47
2016-12-06 01:05:09,47
2016-12-06 01:05:14,47
2016-12-06 01:05:24,47
2016-12-06 01:05:25,47
2016-12-06 01:05:30,48
2016-12-06 01:05:36,48
2016-12-06 01:05:41,48
2016-12-06 01:05:46,48
2016-12-06 01:05:51,48
2016-12-06 01:05:56,48
2016-12-06 01:06:03,48
2016-12-06 01:06:06,48
2016-12-06 01:06:14,49
2016-12-06 01:06:18,48
2016-12-06 01:06:21,48
2016-12-06 01:06:27,49
2016-12-06 01:06:34,49
2016-12-06 01:06:37,49
2016-12-06 01:06:43,49
2016-12-06 01:06:48,49
2016-12-06 01:06:53,49
2016-12-06 01:06:59,48
2016-12-06 01:07:03,48
2016-12-06 01:07:08,48
2016-12-06 01:07:14,48
2016-12-06 01:07:24,48
2016-12-06 01:07:29,48
2016-12-06 01:07:31,48
2016-12-06 01:07:36,48
2016-12-06 01:07:43,48
2016-12-06 01:07:48,48
2016-12-06 01:07:53,48
2016-12-06 01:07:58,48
2016-12-06 01:08:04,48
2016-12-06 01:08:09,49
2016-12-06 01:08:16,49
2016-12-06 01:08:19,48
2016-12-06 01:08:24,48
2016-12-06 01:08:29,49
2016-12-06 01:08:38,49
2016-12-06 01:08:42,49
2016-12-06 01:08:45,49
2016-12-06 01:08:50,49
2016-12-06 01:08:56,49
2016-12-06 01:09:02,50
2016-12-06 01:09:07,49
2016-12-06 01:09:12,49
2016-12-06 01:09:17,49
2016-12-06 01:09:22,49
2016-12-06 01:09:29,49
2016-12-06 01:09:33,49
2016-12-06 01:09:38,48
2016-12-06 01:09:43,49
2016-12-06 01:09:48,49
2016-12-06 01:09:53,49
2016-12-06 01:09:58,49
2016-12-06 01:10:03,49
2016-12-06 01:10:09,49
2016-12-06 01:10:14,49
2016-12-06 01:10:20,49
2016-12-06 01:10:25,49
2016-12-06 01:10:34,48
2016-12-06 01:10:35,48
2016-12-06 01:10:40,49
2016-12-06 01:10:45,49
2016-12-06 01:10:50,49
2016-12-06 01:10:56,50
2016-12-06 01:11:05,47
2016-12-06 01:11:10,46
2016-12-06 01:11:15,46
2016-12-06 01:11:17,46
2016-12-06 01:11:22,46
2016-12-06 01:11:28,48
2016-12-06 01:11:34,48
2016-12-06 01:11:40,48
2016-12-06 01:11:46,48
2016-12-06 01:11:53,48
2016-12-06 01:11:55,48
2016-12-06 01:12:00,48
2016-12-06 01:12:05,48
2016-12-06 01:12:10,48
2016-12-06 01:12:16,48
2016-12-06 01:12:24,48
2016-12-06 01:12:30,48
2016-12-06 01:12:31,48
2016-12-06 01:12:36,50
2016-12-06 01:12:42,50
2016-12-06 01:12:47,49
2016-12-06 01:12:52,49
2016-12-06 01:13:01,47
2016-12-06 01:13:03,47
2016-12-06 01:13:08,47
2016-12-06 01:13:13,47
2016-12-06 01:13:18,48
2016-12-06 01:13:23,48
2016-12-06 01:13:28,49
2016-12-06 01:13:36,48
2016-12-06 01:13:38,48
2016-12-06 01:13:44,48
2016-12-06 01:13:50,48
2016-12-06 01:13:56,48
2016-12-06 01:13:59,48
2016-12-06 01:14:04,48
2016-12-06 01:14:09,49
2016-12-06 01:14:14,48
2016-12-06 01:14:19,48
2016-12-06 01:14:28,50
2016-12-06 01:14:29,50
2016-12-06 01:14:34,50
2016-12-06 01:14:39,49
2016-12-06 01:14:44,49
2016-12-06 01:14:53,49
2016-12-06 01:14:54,49
2016-12-06 01:14:59,49
2016-12-06 01:15:04,49
2016-12-06 01:15:09,49
2016-12-06 01:15:14,49
2016-12-06 01:15:24,49
2016-12-06 01:15:25,49
2016-12-06 01:15:30,49
2016-12-06 01:15:35,49
2016-12-06 01:15:42,49
2016-12-06 01:15:45,48
2016-12-06 01:15:50,48
2016-12-06 01:15:56,48
2016-12-06 01:16:01,48
2016-12-06 01:16:06,48
2016-12-06 01:16:15,49
2016-12-06 01:16:17,49
2016-12-06 01:16:22,49
2016-12-06 01:16:27,49
2016-12-06 01:16:32,49
2016-12-06 01:16:37,49
2016-12-06 01:16:42,49
2016-12-06 01:16:48,49
2016-12-06 01:16:53,49
2016-12-06 01:16:58,49
2016-12-06 01:17:04,49
2016-12-06 01:17:09,49
2016-12-06 01:17:14,49
2016-12-06 01:17:19,49
2016-12-06 01:17:24,49
2016-12-06 01:17:29,49
2016-12-06 01:17:34,49
2016-12-06 01:17:39,49
2016-12-06 01:17:44,49
2016-12-06 01:17:53,46
2016-12-06 01:17:58,46
2016-12-06 01:18:01,46
2016-12-06 01:18:04,47
2016-12-06 01:18:13,45
2016-12-06 01:18:19,44
2016-12-06 01:18:24,45
2016-12-06 01:18:29,45
2016-12-06 01:18:34,46
2016-12-06 01:18:39,46
2016-12-06 01:18:44,47
2016-12-06 01:18:45,47
2016-12-06 01:18:54,50
2016-12-06 01:18:56,50
2016-12-06 01:19:00,49
2016-12-06 01:19:09,47
2016-12-06 01:19:15,47
2016-12-06 01:19:20,48
2016-12-06 01:19:22,48
2016-12-06 01:19:27,48
2016-12-06 01:19:34,48
2016-12-06 01:19:38,48
2016-12-06 01:19:43,48
2016-12-06 01:19:48,48
2016-12-06 01:19:55,48
2016-12-06 01:19:59,47
2016-12-06 01:20:03,48
2016-12-06 01:20:08,48
2016-12-06 01:20:14,49
2016-12-06 01:20:19,49
2016-12-06 01:20:24,49
2016-12-06 01:20:29,49
2016-12-06 01:20:37,49
2016-12-06 01:20:39,49
2016-12-06 01:20:44,48
2016-12-06 01:20:50,48
2016-12-06 01:20:56,48
2016-12-06 01:21:01,48
2016-12-06 01:21:06,49
2016-12-06 01:21:12,48
2016-12-06 01:21:17,48
2016-12-06 01:21:22,48
2016-12-06 01:21:27,48
2016-12-06 01:21:33,48
2016-12-06 01:21:40,48
2016-12-06 01:21:45,48
2016-12-06 01:21:48,48
2016-12-06 01:21:53,48
2016-12-06 01:21:58,48
2016-12-06 01:22:03,47
2016-12-06 01:22:09,47
2016-12-06 01:22:15,47
2016-12-06 01:22:23,48
2016-12-06 01:22:25,48
2016-12-06 01:22:30,48
2016-12-06 01:22:35,48
2016-12-06 01:22:40,48
2016-12-06 01:22:47,49
2016-12-06 01:22:51,49
2016-12-06 01:22:56,49
2016-12-06 01:23:02,50
2016-12-06 01:23:10,49
2016-12-06 01:23:16,48
2016-12-06 01:23:19,47
2016-12-06 01:23:23,47
2016-12-06 01:23:32,48
2016-12-06 01:23:34,48
2016-12-06 01:23:40,48
2016-12-06 01:23:45,49
2016-12-06 01:23:50,48
2016-12-06 01:23:57,48
2016-12-06 01:24:01,48
2016-12-06 01:24:06,48
2016-12-06 01:24:12,48
2016-12-06 01:24:18,49
2016-12-06 01:24:25,48
2016-12-06 01:24:28,48
2016-12-06 01:24:34,48
2016-12-06 01:24:39,48
2016-12-06 01:24:45,48
2016-12-06 01:24:50,48
2016-12-06 01:24:55,48
2016-12-06 01:25:00,49
2016-12-06 01:25:05,49
2016-12-06 01:25:15,49
2016-12-06 01:25:16,49
2016-12-06 01:25:25,49
2016-12-06 01:25:26,49
2016-12-06 01:25:32,49
2016-12-06 01:25:38,49
2016-12-06 01:25:44,48
2016-12-06 01:25:50,48
2016-12-06 01:25:55,49
2016-12-06 01:26:00,49
2016-12-06 01:26:05,50
2016-12-06 01:26:13,49
2016-12-06 01:26:20,48
2016-12-06 01:26:24,47
2016-12-06 01:26:30,47
2016-12-06 01:26:34,47
2016-12-06 01:26:36,47
2016-12-06 01:26:42,47
2016-12-06 01:26:47,48
2016-12-06 01:26:53,47
2016-12-06 01:26:59,47
2016-12-06 01:27:02,47
2016-12-06 01:27:08,47
2016-12-06 01:27:13,47
2016-12-06 01:27:19,48
2016-12-06 01:27:24,48
2016-12-06 01:27:33,47
2016-12-06 01:27:36,47
2016-12-06 01:27:41,47
2016-12-06 01:27:46,47
2016-12-06 01:27:51,47
2016-12-06 01:27:59,48
2016-12-06 01:28:01,47
2016-12-06 01:28:10,48
2016-12-06 01:28:11,48
2016-12-06 01:28:16,48
2016-12-06 01:28:21,48
2016-12-06 01:28:30,46
2016-12-06 01:28:35,46
2016-12-06 01:28:39,46
2016-12-06 01:28:43,46
2016-12-06 01:28:46,46
2016-12-06 01:28:53,46
2016-12-06 01:28:56,47
2016-12-06 01:29:01,48
2016-12-06 01:29:06,48
2016-12-06 01:29:11,48
2016-12-06 01:29:16,48
2016-12-06 01:29:21,48
2016-12-06 01:29:27,48
2016-12-06 01:29:31,48
2016-12-06 01:29:36,47
2016-12-06 01:29:41,47
2016-12-06 01:29:46,47
2016-12-06 01:29:52,47
2016-12-06 01:29:57,47
2016-12-06 01:30:02,47
2016-12-06 01:30:07,47
2016-12-06 01:30:12,47
2016-12-06 01:30:18,47
2016-12-06 01:30:23,47
2016-12-06 01:30:30,48
2016-12-06 01:30:37,48
2016-12-06 01:30:39,48
2016-12-06 01:30:46,48
2016-12-06 01:30:50,48
2016-12-06 01:30:55,48
2016-12-06 01:31:00,48
2016-12-06 01:31:06,48
2016-12-06 01:31:12,50
2016-12-06 01:31:18,49
2016-12-06 01:31:26,49
2016-12-06 01:31:29,49
2016-12-06 01:31:34,52
2016-12-06 01:31:40,52
2016-12-06 01:31:54,56
2016-12-06 01:31:55,57
2016-12-06 01:32:01,59
2016-12-06 01:32:05,58
2016-12-06 01:32:15,47
2016-12-06 01:32:26,48
2016-12-06 01:32:27,48
2016-12-06 01:32:40,74
2016-12-06 01:32:42,74
2016-12-06 01:32:50,48
2016-12-06 01:32:58,73
2016-12-06 01:33:04,68
2016-12-06 01:33:05,68
2016-12-06 01:33:10,68
2016-12-06 01:33:15,68
2016-12-06 01:33:22,54
2016-12-06 01:33:31,51
2016-12-06 01:33:37,59
2016-12-06 01:33:41,64
2016-12-06 01:33:43,64
2016-12-06 01:33:52,50
2016-12-06 01:33:57,49
2016-12-06 01:33:59,48
2016-12-06 01:34:08,49
2016-12-06 01:34:13,49
2016-12-06 01:34:17,49
2016-12-06 01:34:22,49
2016-12-06 01:34:24,48
2016-12-06 01:34:29,48
2016-12-06 01:34:34,49
2016-12-06 01:34:44,49
2016-12-06 01:34:49,47
2016-12-06 01:34:55,46
2016-12-06 01:34:58,46
2016-12-06 01:35:03,46
2016-12-06 01:35:06,46
2016-12-06 01:35:16,47
2016-12-06 01:35:18,47
2016-12-06 01:35:23,47
2016-12-06 01:35:28,47
2016-12-06 01:35:37,47
2016-12-06 01:35:41,47
2016-12-06 01:35:43,47
2016-12-06 01:35:50,47
2016-12-06 01:35:54,47
2016-12-06 01:35:59,47
2016-12-06 01:36:08,47
2016-12-06 01:36:13,47
2016-12-06 01:36:18,47
2016-12-06 01:36:23,47
2016-12-06 01:36:26,47
2016-12-06 01:36:32,47
2016-12-06 01:36:36,47
2016-12-06 01:36:42,49
2016-12-06 01:36:47,49
2016-12-06 01:36:52,49
2016-12-06 01:36:58,48
2016-12-06 01:37:03,48
2016-12-06 01:37:11,49
2016-12-06 01:37:14,48
2016-12-06 01:37:22,47
2016-12-06 01:37:29,47
2016-12-06 01:37:31,48
2016-12-06 01:37:37,48
2016-12-06 01:37:42,48
2016-12-06 01:37:47,47
2016-12-06 01:37:52,47
2016-12-06 01:37:57,48
2016-12-06 01:38:02,49
2016-12-06 01:38:10,48
2016-12-06 01:38:12,48
2016-12-06 01:38:19,48
2016-12-06 01:38:26,48
2016-12-06 01:38:28,48
2016-12-06 01:38:38,48
2016-12-06 01:38:39,48
2016-12-06 01:38:45,48
2016-12-06 01:38:50,48
2016-12-06 01:38:55,48
2016-12-06 01:39:00,48
2016-12-06 01:39:05,47
2016-12-06 01:39:10,47
2016-12-06 01:39:20,48
2016-12-06 01:39:21,48
2016-12-06 01:39:27,48
2016-12-06 01:39:32,48
2016-12-06 01:39:37,48
2016-12-06 01:39:43,48
2016-12-06 01:39:49,49
2016-12-06 01:39:54,48
2016-12-06 01:39:59,48
2016-12-06 01:40:07,47
2016-12-06 01:40:10,47
2016-12-06 01:40:15,48
2016-12-06 01:40:20,48
2016-12-06 01:40:26,48
2016-12-06 01:40:35,48
2016-12-06 01:40:36,48
2016-12-06 01:40:41,48
2016-12-06 01:40:46,48
2016-12-06 01:40:51,48
2016-12-06 01:40:56,48
2016-12-06 01:41:02,48
2016-12-06 01:41:07,48
2016-12-06 01:41:12,48
2016-12-06 01:41:18,48
2016-12-06 01:41:23,48
2016-12-06 01:41:28,48
2016-12-06 01:41:33,49
2016-12-06 01:41:42,46
2016-12-06 01:41:46,46
2016-12-06 01:41:50,47
2016-12-06 01:41:53,47
2016-12-06 01:41:58,47
2016-12-06 01:42:09,47
2016-12-06 01:42:10,47
2016-12-06 01:42:15,48
2016-12-06 01:42:20,48
2016-12-06 01:42:25,48
2016-12-06 01:42:31,48
2016-12-06 01:42:38,48
2016-12-06 01:42:41,47
2016-12-06 01:42:45,47
2016-12-06 01:42:53,47
2016-12-06 01:42:55,48
2016-12-06 01:43:00,48
2016-12-06 01:43:05,48
2016-12-06 01:43:11,48
2016-12-06 01:43:16,48
2016-12-06 01:43:21,48
2016-12-06 01:43:26,48
2016-12-06 01:43:31,48
2016-12-06 01:43:37,49
2016-12-06 01:43:42,49
2016-12-06 01:43:47,49
2016-12-06 01:43:52,49
2016-12-06 01:44:01,47
2016-12-06 01:44:07,46
2016-12-06 01:44:10,46
2016-12-06 01:44:17,46
2016-12-06 01:44:21,47
2016-12-06 01:44:27,48
2016-12-06 01:44:30,48
2016-12-06 01:44:37,48
2016-12-06 01:44:42,48
2016-12-06 01:44:46,48
2016-12-06 01:44:51,48
2016-12-06 01:44:53,48
2016-12-06 01:45:02,48
2016-12-06 01:45:04,48
2016-12-06 01:45:10,47
2016-12-06 01:45:16,47
2016-12-06 01:45:22,47
2016-12-06 01:45:27,47
2016-12-06 01:45:34,47
2016-12-06 01:45:38,47
2016-12-06 01:45:43,48
2016-12-06 01:45:51,51
2016-12-06 01:45:53,51
2016-12-06 01:45:59,52
2016-12-06 01:46:07,50
2016-12-06 01:46:12,50
2016-12-06 01:46:13,50
2016-12-06 01:46:19,55
2016-12-06 01:46:24,50
2016-12-06 01:46:33,77
2016-12-06 01:46:38,73
2016-12-06 01:46:41,73
2016-12-06 01:46:44,73
2016-12-06 01:46:49,72
2016-12-06 01:46:54,73
2016-12-06 01:47:04,46
2016-12-06 01:47:09,45
2016-12-06 01:47:15,46
2016-12-06 01:47:20,46
2016-12-06 01:47:25,45
2016-12-06 01:47:30,46
2016-12-06 01:47:35,46
2016-12-06 01:47:40,46
2016-12-06 01:47:44,47
2016-12-06 01:47:50,47
2016-12-06 01:47:55,47
2016-12-06 01:48:00,47
2016-12-06 01:48:04,47
2016-12-06 01:48:09,48
2016-12-06 01:48:11,49
2016-12-06 01:48:16,52
2016-12-06 01:48:26,45
2016-12-06 01:48:29,46
2016-12-06 01:48:36,46
2016-12-06 01:48:41,47
2016-12-06 01:48:45,47
2016-12-06 01:48:48,47
2016-12-06 01:48:53,47
2016-12-06 01:49:01,48
2016-12-06 01:49:07,48
2016-12-06 01:49:09,48
2016-12-06 01:49:15,48
2016-12-06 01:49:21,48
2016-12-06 01:49:29,48
2016-12-06 01:49:31,48
2016-12-06 01:49:37,48
2016-12-06 01:49:42,48
2016-12-06 01:49:47,48
2016-12-06 01:49:56,48
2016-12-06 01:49:58,48
2016-12-06 01:50:04,49
2016-12-06 01:50:11,49
2016-12-06 01:50:14,49
2016-12-06 01:50:19,49
2016-12-06 01:50:25,49
2016-12-06 01:50:31,48
2016-12-06 01:50:38,45
2016-12-06 01:50:42,45
2016-12-06 01:50:46,45
2016-12-06 01:50:50,46
2016-12-06 01:50:55,47
2016-12-06 01:51:04,48
2016-12-06 01:51:06,48
2016-12-06 01:51:13,48
2016-12-06 01:51:19,48
2016-12-06 01:51:24,48
2016-12-06 01:51:28,48
2016-12-06 01:51:33,48
2016-12-06 01:51:39,48
2016-12-06 01:51:44,48
2016-12-06 01:51:49,48
2016-12-06 01:51:54,50
2016-12-06 01:51:59,49
2016-12-06 01:52:05,50
2016-12-06 01:52:14,47
2016-12-06 01:52:15,47
2016-12-06 01:52:21,47
2016-12-06 01:52:25,47
2016-12-06 01:52:30,48
2016-12-06 01:52:35,48
2016-12-06 01:52:43,58
2016-12-06 01:52:45,59
2016-12-06 01:52:51,59
2016-12-06 01:53:01,47
2016-12-06 01:53:04,46
2016-12-06 01:53:10,47
2016-12-06 01:53:12,48
2016-12-06 01:53:22,50
2016-12-06 01:53:27,50
2016-12-06 01:53:32,50
2016-12-06 01:53:34,50
2016-12-06 01:53:38,50
2016-12-06 01:53:45,49
2016-12-06 01:53:48,48
2016-12-06 01:53:57,47
2016-12-06 01:53:59,47
2016-12-06 01:54:04,48
2016-12-06 01:54:09,48
2016-12-06 01:54:14,47
2016-12-06 01:54:20,47
2016-12-06 01:54:25,47
2016-12-06 01:54:31,48
2016-12-06 01:54:38,47
2016-12-06 01:54:41,47
2016-12-06 01:54:46,47
2016-12-06 01:54:51,47
2016-12-06 01:54:57,48
2016-12-06 01:55:04,48
2016-12-06 01:55:08,49
2016-12-06 01:55:13,49
2016-12-06 01:55:19,49
2016-12-06 01:55:23,49
2016-12-06 01:55:28,48
2016-12-06 01:55:33,47
2016-12-06 01:55:39,47
2016-12-06 01:55:44,47
2016-12-06 01:55:49,48
2016-12-06 01:55:54,48
2016-12-06 01:55:59,48
2016-12-06 01:56:04,48
2016-12-06 01:56:11,48
2016-12-06 01:56:16,48
2016-12-06 01:56:20,48
2016-12-06 01:56:26,48
2016-12-06 01:56:31,49
2016-12-06 01:56:36,49
2016-12-06 01:56:41,49
2016-12-06 01:56:47,48
2016-12-06 01:56:52,48
2016-12-06 01:57:01,47
2016-12-06 01:57:02,47
2016-12-06 01:57:07,47
2016-12-06 01:57:12,47
2016-12-06 01:57:18,48
2016-12-06 01:57:24,49
2016-12-06 01:57:30,48
2016-12-06 01:57:36,49
2016-12-06 01:57:41,49
2016-12-06 01:57:48,49
2016-12-06 01:57:51,49
2016-12-06 01:57:56,49
2016-12-06 01:58:01,49
2016-12-06 01:58:06,49
2016-12-06 01:58:11,49
2016-12-06 01:58:16,49
2016-12-06 01:58:21,49
2016-12-06 01:58:26,49
2016-12-06 01:58:32,48
2016-12-06 01:58:37,49
2016-12-06 01:58:42,49
2016-12-06 01:58:47,48
2016-12-06 01:58:55,48
2016-12-06 01:58:57,48
2016-12-06 01:59:02,48
2016-12-06 01:59:08,49
2016-12-06 01:59:13,50
2016-12-06 01:59:18,50
2016-12-06 01:59:23,50
2016-12-06 01:59:28,49
2016-12-06 01:59:33,48
2016-12-06 01:59:38,48
2016-12-06 01:59:43,48
2016-12-06 01:59:54,47
2016-12-06 01:59:59,45
2016-12-06 02:00:02,46
2016-12-06 02:00:05,46
2016-12-06 02:00:13,47
2016-12-06 02:00:15,47
2016-12-06 02:00:22,48
2016-12-06 02:00:27,48
2016-12-06 02:00:35,48
2016-12-06 02:00:38,48
2016-12-06 02:00:43,49
2016-12-06 02:00:49,49
2016-12-06 02:00:54,49
2016-12-06 02:01:01,49
2016-12-06 02:01:04,49
2016-12-06 02:01:10,49
2016-12-06 02:01:16,49
2016-12-06 02:01:21,48
2016-12-06 02:01:27,48
2016-12-06 02:01:32,48
2016-12-06 02:01:38,48
2016-12-06 02:01:43,48
2016-12-06 02:01:52,48
2016-12-06 02:01:53,48
2016-12-06 02:01:58,48
2016-12-06 02:02:03,48
2016-12-06 02:02:08,48
2016-12-06 02:02:14,48
2016-12-06 02:02:18,48
2016-12-06 02:02:25,48
2016-12-06 02:02:29,47
2016-12-06 02:02:35,47
2016-12-06 02:02:40,47
2016-12-06 02:02:46,47
2016-12-06 02:02:51,47
2016-12-06 02:02:56,47
2016-12-06 02:03:01,48
2016-12-06 02:03:07,48
2016-12-06 02:03:14,50
2016-12-06 02:03:18,49
2016-12-06 02:03:23,47
2016-12-06 02:03:28,47
2016-12-06 02:03:33,47
2016-12-06 02:03:43,65
2016-12-06 02:03:44,65
2016-12-06 02:03:53,47
2016-12-06 02:03:58,48
2016-12-06 02:04:00,49
2016-12-06 02:04:08,49
2016-12-06 02:04:11,50
2016-12-06 02:04:20,52
2016-12-06 02:04:26,49
2016-12-06 02:04:29,48
2016-12-06 02:04:37,51
2016-12-06 02:04:38,51
2016-12-06 02:04:43,52
2016-12-06 02:04:48,51
2016-12-06 02:04:53,51
2016-12-06 02:05:02,71
2016-12-06 02:05:10,50
2016-12-06 02:05:16,49
2016-12-06 02:05:21,48
2016-12-06 02:05:26,49
2016-12-06 02:05:31,50
2016-12-06 02:05:35,49
2016-12-06 02:05:38,50
2016-12-06 02:05:43,56
2016-12-06 02:05:51,44
2016-12-06 02:05:55,43
2016-12-06 02:06:00,43
2016-12-06 02:06:08,45
2016-12-06 02:06:12,46
2016-12-06 02:06:18,47
2016-12-06 02:06:23,47
2016-12-06 02:06:24,47
2016-12-06 02:06:31,48
2016-12-06 02:06:37,50
2016-12-06 02:06:44,49
2016-12-06 02:06:49,49
2016-12-06 02:06:54,49
2016-12-06 02:06:55,49
2016-12-06 02:07:02,49
2016-12-06 02:07:05,49
2016-12-06 02:07:15,47
2016-12-06 02:07:16,47
2016-12-06 02:07:21,47
2016-12-06 02:07:26,47
2016-12-06 02:07:32,47
2016-12-06 02:07:37,47
2016-12-06 02:07:45,48
2016-12-06 02:07:50,47
2016-12-06 02:07:52,47
2016-12-06 02:07:57,47
2016-12-06 02:08:03,47
2016-12-06 02:08:08,47
2016-12-06 02:08:17,47
2016-12-06 02:08:19,47
2016-12-06 02:08:25,47
2016-12-06 02:08:30,47
2016-12-06 02:08:35,47
2016-12-06 02:08:40,48
2016-12-06 02:08:49,49
2016-12-06 02:08:53,49
2016-12-06 02:08:56,49
2016-12-06 02:09:02,49
2016-12-06 02:09:07,49
2016-12-06 02:09:13,48
2016-12-06 02:09:18,48
2016-12-06 02:09:24,48
2016-12-06 02:09:28,48
2016-12-06 02:09:33,47
2016-12-06 02:09:38,46
2016-12-06 02:09:46,46
2016-12-06 02:09:50,46
2016-12-06 02:09:57,47
2016-12-06 02:10:03,48
2016-12-06 02:10:08,48
2016-12-06 02:10:14,48
2016-12-06 02:10:15,48
2016-12-06 02:10:21,48
2016-12-06 02:10:28,48
2016-12-06 02:10:35,47
2016-12-06 02:10:36,47
2016-12-06 02:10:42,46
2016-12-06 02:10:48,46
2016-12-06 02:10:53,47
2016-12-06 02:10:59,47
2016-12-06 02:11:05,47
2016-12-06 02:11:14,47
2016-12-06 02:11:16,47
2016-12-06 02:11:25,47
2016-12-06 02:11:27,47
2016-12-06 02:11:32,48
2016-12-06 02:11:41,48
2016-12-06 02:11:42,48
2016-12-06 02:11:47,48
2016-12-06 02:11:52,48
2016-12-06 02:11:58,50
2016-12-06 02:12:05,51
2016-12-06 02:12:11,50
2016-12-06 02:12:15,50
2016-12-06 02:12:22,50
2016-12-06 02:12:24,50
2016-12-06 02:12:30,48
2016-12-06 02:12:34,48
2016-12-06 02:12:39,47
2016-12-06 02:12:45,48
2016-12-06 02:12:49,48
2016-12-06 02:12:54,48
2016-12-06 02:13:00,48
2016-12-06 02:13:05,48
2016-12-06 02:13:13,48
2016-12-06 02:13:15,48
2016-12-06 02:13:20,48
2016-12-06 02:13:25,48
2016-12-06 02:13:34,45
2016-12-06 02:13:37,45
2016-12-06 02:13:43,45
2016-12-06 02:13:47,46
2016-12-06 02:13:51,46
2016-12-06 02:13:56,46
2016-12-06 02:14:05,46
2016-12-06 02:14:10,47
2016-12-06 02:14:13,47
2016-12-06 02:14:19,48
2016-12-06 02:14:24,49
2016-12-06 02:14:32,50
2016-12-06 02:14:35,50
2016-12-06 02:14:42,50
2016-12-06 02:14:45,50
2016-12-06 02:14:50,49
2016-12-06 02:14:55,49
2016-12-06 02:15:03,50
2016-12-06 02:15:08,50
2016-12-06 02:15:12,50
2016-12-06 02:15:23,50
2016-12-06 02:15:25,50
2016-12-06 02:15:29,49
2016-12-06 02:15:36,49
2016-12-06 02:15:42,49
2016-12-06 02:15:44,49
2016-12-06 02:15:49,50
2016-12-06 02:15:56,49
2016-12-06 02:16:01,49
2016-12-06 02:16:04,49
2016-12-06 02:16:10,48
2016-12-06 02:16:16,47
2016-12-06 02:16:22,46
2016-12-06 02:16:27,47
2016-12-06 02:16:37,47
2016-12-06 02:16:42,48
2016-12-06 02:16:48,49
2016-12-06 02:16:54,49
2016-12-06 02:16:55,49
2016-12-06 02:17:01,49
2016-12-06 02:17:06,49
2016-12-06 02:17:11,49
2016-12-06 02:17:20,45
2016-12-06 02:17:21,45
2016-12-06 02:17:28,51
2016-12-06 02:17:34,47
2016-12-06 02:17:38,47
2016-12-06 02:17:46,47
2016-12-06 02:17:48,47
2016-12-06 02:17:52,47
2016-12-06 02:17:57,47
2016-12-06 02:18:06,47
2016-12-06 02:18:11,46
2016-12-06 02:18:16,46
2016-12-06 02:18:17,46
2016-12-06 02:18:27,46
2016-12-06 02:18:32,47
2016-12-06 02:18:36,47
2016-12-06 02:18:40,48
2016-12-06 02:18:46,49
2016-12-06 02:18:51,49
2016-12-06 02:18:57,49
2016-12-06 02:18:58,49
2016-12-06 02:19:05,48
2016-12-06 02:19:13,47
2016-12-06 02:19:14,47
2016-12-06 02:19:20,46
2016-12-06 02:19:25,46
2016-12-06 02:19:30,47
2016-12-06 02:19:36,47
2016-12-06 02:19:41,47
2016-12-06 02:19:47,48
2016-12-06 02:19:57,50
2016-12-06 02:20:00,51
2016-12-06 02:20:03,52
2016-12-06 02:20:11,51
2016-12-06 02:20:14,51
2016-12-06 02:20:18,51
2016-12-06 02:20:26,49
2016-12-06 02:20:28,48
2016-12-06 02:20:36,47
2016-12-06 02:20:38,48
2016-12-06 02:20:43,48
2016-12-06 02:20:51,48
2016-12-06 02:20:54,48
2016-12-06 02:21:00,48
2016-12-06 02:21:08,48
2016-12-06 02:21:10,48
2016-12-06 02:21:19,53
2016-12-06 02:21:20,54
2016-12-06 02:21:25,52
2016-12-06 02:21:35,48
2016-12-06 02:21:36,48
2016-12-06 02:21:45,47
2016-12-06 02:21:46,47
2016-12-06 02:22:01,46
2016-12-06 02:22:06,45
2016-12-06 02:22:08,45
2016-12-06 02:22:15,46
2016-12-06 02:22:22,47
2016-12-06 02:22:26,47
2016-12-06 02:22:32,46
2016-12-06 02:22:33,46
2016-12-06 02:22:38,47
2016-12-06 02:22:43,48
2016-12-06 02:22:49,55
2016-12-06 02:22:59,47
2016-12-06 02:23:03,47
2016-12-06 02:23:09,47
2016-12-06 02:23:11,47
2016-12-06 02:23:21,47
2016-12-06 02:23:23,47
2016-12-06 02:23:30,47
2016-12-06 02:23:33,48
2016-12-06 02:23:42,45
2016-12-06 02:23:44,45
2016-12-06 02:23:48,45
2016-12-06 02:23:53,45
2016-12-06 02:24:03,45
2016-12-06 02:24:05,45
2016-12-06 02:24:09,45
2016-12-06 02:24:14,46
2016-12-06 02:24:20,47
2016-12-06 02:24:28,49
2016-12-06 02:24:30,50
2016-12-06 02:24:41,50
2016-12-06 02:24:44,50
2016-12-06 02:24:49,50
2016-12-06 02:24:52,50
2016-12-06 02:24:58,49
2016-12-06 02:25:08,49
2016-12-06 02:25:09,49
2016-12-06 02:25:14,50
2016-12-06 02:25:23,48
2016-12-06 02:25:26,47
2016-12-06 02:25:33,47
2016-12-06 02:25:35,47
2016-12-06 02:25:40,47
2016-12-06 02:25:45,47
2016-12-06 02:25:50,47
2016-12-06 02:25:55,47
2016-12-06 02:26:03,49
2016-12-06 02:26:05,49
2016-12-06 02:26:13,47
2016-12-06 02:26:15,47
2016-12-06 02:26:21,48
2016-12-06 02:26:29,48
2016-12-06 02:26:36,48
2016-12-06 02:26:37,49
2016-12-06 02:26:43,51
2016-12-06 02:26:48,52
2016-12-06 02:26:55,50
2016-12-06 02:26:58,50
2016-12-06 02:27:07,49
2016-12-06 02:27:08,49
2016-12-06 02:27:15,49
2016-12-06 02:27:18,49
2016-12-06 02:27:23,49
2016-12-06 02:27:29,48
2016-12-06 02:27:34,48
2016-12-06 02:27:39,50
2016-12-06 02:27:44,58
2016-12-06 02:27:55,49
2016-12-06 02:28:00,49
2016-12-06 02:28:02,49
2016-12-06 02:28:07,49
2016-12-06 02:28:13,48
2016-12-06 02:28:17,48
2016-12-06 02:28:26,47
2016-12-06 02:28:32,47
2016-12-06 02:28:33,47
2016-12-06 02:28:38,47
2016-12-06 02:28:45,46
2016-12-06 02:28:49,46
2016-12-06 02:28:54,47
2016-12-06 02:28:59,50
2016-12-06 02:29:07,50
2016-12-06 02:29:14,49
2016-12-06 02:29:18,47
2016-12-06 02:29:24,47
2016-12-06 02:29:25,47
2016-12-06 02:29:31,46
2016-12-06 02:29:36,46
2016-12-06 02:29:42,49
2016-12-06 02:29:46,49
2016-12-06 02:29:51,50
2016-12-06 02:30:00,50
2016-12-06 02:30:02,50
2016-12-06 02:30:11,48
2016-12-06 02:30:15,47
2016-12-06 02:30:18,48
2016-12-06 02:30:22,48
2016-12-06 02:30:28,49
2016-12-06 02:30:32,49
2016-12-06 02:30:46,52
2016-12-06 02:30:51,53
2016-12-06 02:30:54,53
2016-12-06 02:30:59,53
2016-12-06 02:31:03,53
2016-12-06 02:31:08,62
2016-12-06 02:31:14,62
2016-12-06 02:31:23,47
2016-12-06 02:31:25,47
2016-12-06 02:31:30,46
2016-12-06 02:31:37,47
2016-12-06 02:31:44,51
2016-12-06 02:31:49,53
2016-12-06 02:31:51,53
2016-12-06 02:31:55,52
2016-12-06 02:32:03,50
2016-12-06 02:32:05,50
2016-12-06 02:32:10,50
2016-12-06 02:32:19,45
2016-12-06 02:32:20,46
2016-12-06 02:32:30,50
2016-12-06 02:32:34,50
2016-12-06 02:32:36,51
2016-12-06 02:32:45,51
2016-12-06 02:32:50,51
2016-12-06 02:32:51,51
2016-12-06 02:32:58,52
2016-12-06 02:33:01,51
2016-12-06 02:33:10,47
2016-12-06 02:33:12,47
2016-12-06 02:33:16,47
2016-12-06 02:33:21,47
2016-12-06 02:33:26,47
2016-12-06 02:33:32,47
2016-12-06 02:33:37,47
2016-12-06 02:33:46,47
2016-12-06 02:33:48,47
2016-12-06 02:33:54,49
2016-12-06 02:34:00,48
2016-12-06 02:34:05,47
2016-12-06 02:34:15,44
2016-12-06 02:34:16,44
2016-12-06 02:34:21,44
2016-12-06 02:34:26,43
2016-12-06 02:34:36,43
2016-12-06 02:34:37,43
2016-12-06 02:34:42,45
2016-12-06 02:34:49,47
2016-12-06 02:34:54,47
2016-12-06 02:35:00,46
2016-12-06 02:35:02,46
2016-12-06 02:35:07,46
2016-12-06 02:35:12,46
2016-12-06 02:35:18,47
2016-12-06 02:35:26,49
2016-12-06 02:35:30,49
2016-12-06 02:35:35,49
2016-12-06 02:35:40,47
2016-12-06 02:35:48,45
2016-12-06 02:35:50,45
2016-12-06 02:35:55,45
2016-12-06 02:36:00,46
2016-12-06 02:36:09,48
2016-12-06 02:36:15,48
2016-12-06 02:36:18,48
2016-12-06 02:36:22,48
2016-12-06 02:36:27,48
2016-12-06 02:36:31,48
2016-12-06 02:36:36,48
2016-12-06 02:36:46,48
2016-12-06 02:36:48,48
2016-12-06 02:36:57,48
2016-12-06 02:36:58,48
2016-12-06 02:37:06,49
2016-12-06 02:37:09,49
2016-12-06 02:37:14,48
2016-12-06 02:37:19,48
2016-12-06 02:37:24,48
2016-12-06 02:37:31,49
2016-12-06 02:37:34,49
2016-12-06 02:37:43,49
2016-12-06 02:37:45,49
2016-12-06 02:37:52,50
2016-12-06 02:37:58,50
2016-12-06 02:38:01,50
2016-12-06 02:38:06,50
2016-12-06 02:38:12,50
2016-12-06 02:38:17,50
2016-12-06 02:38:24,50
2016-12-06 02:38:27,50
2016-12-06 02:38:32,49
2016-12-06 02:38:37,48
2016-12-06 02:38:44,48
2016-12-06 02:38:47,47
2016-12-06 02:38:52,48
2016-12-06 02:38:58,48
2016-12-06 02:39:06,48
2016-12-06 02:39:08,47
2016-12-06 02:39:15,48
2016-12-06 02:39:19,48
2016-12-06 02:39:24,50
2016-12-06 02:39:30,50
2016-12-06 02:39:40,50
2016-12-06 02:39:45,49
2016-12-06 02:39:46,48
2016-12-06 02:39:51,47
2016-12-06 02:39:57,47
2016-12-06 02:40:02,47
2016-12-06 02:40:09,47
2016-12-06 02:40:12,48
2016-12-06 02:40:18,48
2016-12-06 02:40:23,48
2016-12-06 02:40:33,77
2016-12-06 02:40:38,74
2016-12-06 02:40:39,74
2016-12-06 02:40:48,48
2016-12-06 02:40:58,46
2016-12-06 02:41:03,46
2016-12-06 02:41:08,49
2016-12-06 02:41:13,48
2016-12-06 02:41:18,46
2016-12-06 02:41:23,45
2016-12-06 02:41:28,46
2016-12-06 02:41:33,46
2016-12-06 02:41:39,46
2016-12-06 02:41:43,47
2016-12-06 02:41:48,49
2016-12-06 02:41:54,50
2016-12-06 02:41:58,50
2016-12-06 02:42:01,51
2016-12-06 02:42:06,49
2016-12-06 02:42:11,48
2016-12-06 02:42:16,48
2016-12-06 02:42:26,48
2016-12-06 02:42:29,47
2016-12-06 02:42:36,47
2016-12-06 02:42:39,47
2016-12-06 02:42:43,48
2016-12-06 02:42:48,49
2016-12-06 02:42:56,47
2016-12-06 02:43:02,47
2016-12-06 02:43:06,47
2016-12-06 02:43:10,47
2016-12-06 02:43:16,47
2016-12-06 02:43:21,47
2016-12-06 02:43:28,50
2016-12-06 02:43:34,50
2016-12-06 02:43:43,49
2016-12-06 02:43:47,49
2016-12-06 02:43:49,49
2016-12-06 02:43:55,48
2016-12-06 02:43:59,47
2016-12-06 02:44:05,48
2016-12-06 02:44:10,50
2016-12-06 02:44:15,49
2016-12-06 02:44:22,48
2016-12-06 02:44:29,48
2016-12-06 02:44:31,48
2016-12-06 02:44:36,48
2016-12-06 02:44:44,48
2016-12-06 02:44:47,48
2016-12-06 02:44:53,48
2016-12-06 02:44:58,48
2016-12-06 02:45:03,48
2016-12-06 02:45:09,48
2016-12-06 02:45:14,48
2016-12-06 02:45:19,48
2016-12-06 02:45:26,47
2016-12-06 02:45:29,48
2016-12-06 02:45:34,50
2016-12-06 02:45:39,49
2016-12-06 02:45:48,46
2016-12-06 02:45:49,46
2016-12-06 02:45:54,46
2016-12-06 02:45:59,46
2016-12-06 02:46:04,46
2016-12-06 02:46:10,46
2016-12-06 02:46:16,46
2016-12-06 02:46:21,46
2016-12-06 02:46:26,46
2016-12-06 02:46:31,46
2016-12-06 02:46:36,49
2016-12-06 02:46:42,45
2016-12-06 02:46:50,43
2016-12-06 02:46:52,43
2016-12-06 02:47:01,44
2016-12-06 02:47:02,45
2016-12-06 02:47:08,45
2016-12-06 02:47:14,46
2016-12-06 02:47:21,47
2016-12-06 02:47:25,47
2016-12-06 02:47:29,47
2016-12-06 02:47:32,48
2016-12-06 02:47:37,48
2016-12-06 02:47:42,48
2016-12-06 02:47:48,47
2016-12-06 02:47:55,46
2016-12-06 02:48:02,47
2016-12-06 02:48:04,47
2016-12-06 02:48:09,48
2016-12-06 02:48:14,49
2016-12-06 02:48:20,49
2016-12-06 02:48:29,50
2016-12-06 02:48:32,50
2016-12-06 02:48:35,50
2016-12-06 02:48:40,50
2016-12-06 02:48:51,44
2016-12-06 02:48:52,44
2016-12-06 02:49:01,49
2016-12-06 02:49:02,49
2016-12-06 02:49:12,43
2016-12-06 02:49:14,42
2016-12-06 02:49:23,46
2016-12-06 02:49:24,47
2016-12-06 02:49:33,49
2016-12-06 02:49:35,50
2016-12-06 02:49:40,50
2016-12-06 02:49:55,62
2016-12-06 02:50:00,65
2016-12-06 02:50:05,69
2016-12-06 02:50:08,71
2016-12-06 02:50:12,71
2016-12-06 02:50:18,77
2016-12-06 02:50:24,77
2016-12-06 02:50:30,78
2016-12-06 02:50:44,46
2016-12-06 02:50:49,50
2016-12-06 02:50:52,49
2016-12-06 02:50:55,50
2016-12-06 02:51:04,49
2016-12-06 02:51:09,45
2016-12-06 02:51:14,45
2016-12-06 02:51:19,44
2016-12-06 02:51:24,44
2016-12-06 02:51:28,45
2016-12-06 02:51:34,45
2016-12-06 02:51:39,46
2016-12-06 02:51:45,46
2016-12-06 02:51:48,46
2016-12-06 02:51:54,46
2016-12-06 02:51:56,46
2016-12-06 02:52:06,49
2016-12-06 02:52:09,49
2016-12-06 02:52:12,49
2016-12-06 02:52:21,49
2016-12-06 02:52:23,49
2016-12-06 02:52:30,48
2016-12-06 02:52:37,48
2016-12-06 02:52:39,47
2016-12-06 02:52:45,46
2016-12-06 02:52:53,46
2016-12-06 02:52:56,46
2016-12-06 02:53:06,48
2016-12-06 02:53:07,48
2016-12-06 02:53:15,49
2016-12-06 02:53:17,49
2016-12-06 02:53:23,49
2016-12-06 02:53:28,49
2016-12-06 02:53:35,47
2016-12-06 02:53:38,47
2016-12-06 02:53:43,47
2016-12-06 02:53:48,47
2016-12-06 02:53:53,47
2016-12-06 02:53:59,47
2016-12-06 02:54:07,47
2016-12-06 02:54:09,47
2016-12-06 02:54:14,47
2016-12-06 02:54:20,47
2016-12-06 02:54:25,47
2016-12-06 02:54:33,47
2016-12-06 02:54:37,47
2016-12-06 02:54:43,47
2016-12-06 02:54:49,47
2016-12-06 02:54:53,47
2016-12-06 02:54:59,47
2016-12-06 02:55:04,47
2016-12-06 02:55:09,47
2016-12-06 02:55:14,48
2016-12-06 02:55:19,48
2016-12-06 02:55:24,48
2016-12-06 02:55:30,48
2016-12-06 02:55:36,47
2016-12-06 02:55:40,47
2016-12-06 02:55:46,47
2016-12-06 02:55:55,48
2016-12-06 02:55:59,48
2016-12-06 02:56:05,48
2016-12-06 02:56:07,48
2016-12-06 02:56:13,48
2016-12-06 02:56:18,48
2016-12-06 02:56:23,48
2016-12-06 02:56:31,48
2016-12-06 02:56:33,48
2016-12-06 02:56:42,47
2016-12-06 02:56:45,47
2016-12-06 02:56:54,48
2016-12-06 02:56:58,47
2016-12-06 02:57:04,46
2016-12-06 02:57:06,46
2016-12-06 02:57:10,46
2016-12-06 02:57:15,46
2016-12-06 02:57:20,46
2016-12-06 02:57:25,46
2016-12-06 02:57:31,47
2016-12-06 02:57:36,47
2016-12-06 02:57:41,47
2016-12-06 02:57:47,48
2016-12-06 02:57:56,49
2016-12-06 02:58:00,48
2016-12-06 02:58:02,47
2016-12-06 02:58:07,46
2016-12-06 02:58:12,45
2016-12-06 02:58:20,46
2016-12-06 02:58:22,45
2016-12-06 02:58:27,45
2016-12-06 02:58:33,46
2016-12-06 02:58:37,47
2016-12-06 02:58:42,47
2016-12-06 02:58:47,47
2016-12-06 02:58:56,46
2016-12-06 02:58:57,46
2016-12-06 02:59:02,46
2016-12-06 02:59:07,46
2016-12-06 02:59:12,46
2016-12-06 02:59:17,46
2016-12-06 02:59:25,46
2016-12-06 02:59:30,45
2016-12-06 02:59:32,46
2016-12-06 02:59:37,48
2016-12-06 02:59:43,48
2016-12-06 02:59:52,45
2016-12-06 02:59:54,45
2016-12-06 03:00:03,46
2016-12-06 03:00:05,46
2016-12-06 03:00:10,46
2016-12-06 03:00:15,46
2016-12-06 03:00:21,47
2016-12-06 03:00:27,47
2016-12-06 03:00:32,47
2016-12-06 03:00:37,47
2016-12-06 03:00:43,47
2016-12-06 03:00:49,47
2016-12-06 03:01:00,46
2016-12-06 03:01:01,47
2016-12-06 03:01:10,50
2016-12-06 03:01:12,49
2016-12-06 03:01:17,49
2016-12-06 03:01:25,46
2016-12-06 03:01:27,45
2016-12-06 03:01:36,45
2016-12-06 03:01:37,45
2016-12-06 03:01:44,45
2016-12-06 03:01:47,45
2016-12-06 03:01:52,45
2016-12-06 03:01:58,46
2016-12-06 03:02:02,47
2016-12-06 03:02:11,46
2016-12-06 03:02:12,46
2016-12-06 03:02:18,46
2016-12-06 03:02:23,46
2016-12-06 03:02:29,46
2016-12-06 03:02:34,46
2016-12-06 03:02:39,46
2016-12-06 03:02:48,46
2016-12-06 03:02:49,46
2016-12-06 03:02:54,47
2016-12-06 03:03:00,47
2016-12-06 03:03:08,45
2016-12-06 03:03:14,45
2016-12-06 03:03:15,45
2016-12-06 03:03:22,46
2016-12-06 03:03:27,46
2016-12-06 03:03:32,46
2016-12-06 03:03:41,46
2016-12-06 03:03:42,46
2016-12-06 03:03:52,46
2016-12-06 03:03:56,46
2016-12-06 03:03:58,45
2016-12-06 03:04:03,46
2016-12-06 03:04:10,46
2016-12-06 03:04:14,46
2016-12-06 03:04:19,46
2016-12-06 03:04:24,46
2016-12-06 03:04:29,46
2016-12-06 03:04:34,46
2016-12-06 03:04:41,46
2016-12-06 03:04:44,47
2016-12-06 03:04:53,46
2016-12-06 03:04:55,46
2016-12-06 03:05:00,47
2016-12-06 03:05:06,47
2016-12-06 03:05:15,47
2016-12-06 03:05:17,47
2016-12-06 03:05:22,47
2016-12-06 03:05:27,47
2016-12-06 03:05:32,47
2016-12-06 03:05:37,47
2016-12-06 03:05:42,47
2016-12-06 03:05:50,46
2016-12-06 03:05:57,46
2016-12-06 03:05:58,46
2016-12-06 03:06:03,46
2016-12-06 03:06:08,46
2016-12-06 03:06:14,46
2016-12-06 03:06:24,46
2016-12-06 03:06:29,46
2016-12-06 03:06:33,46
2016-12-06 03:06:39,46
2016-12-06 03:06:40,46
2016-12-06 03:06:48,46
2016-12-06 03:06:54,46
2016-12-06 03:06:57,46
2016-12-06 03:07:00,46
2016-12-06 03:07:07,46
2016-12-06 03:07:10,46
2016-12-06 03:07:16,45
2016-12-06 03:07:20,45
2016-12-06 03:07:28,46
2016-12-06 03:07:33,47
2016-12-06 03:07:35,47
2016-12-06 03:07:40,47
2016-12-06 03:07:45,46
2016-12-06 03:07:50,45
2016-12-06 03:07:56,45
2016-12-06 03:08:00,45
2016-12-06 03:08:05,45
2016-12-06 03:08:11,47
2016-12-06 03:08:17,47
2016-12-06 03:08:23,46
2016-12-06 03:08:33,46
2016-12-06 03:08:34,46
2016-12-06 03:08:39,46
2016-12-06 03:08:45,46
2016-12-06 03:08:50,46
2016-12-06 03:08:55,46
2016-12-06 03:09:01,50
2016-12-06 03:09:05,49
2016-12-06 03:09:16,44
2016-12-06 03:09:19,44
2016-12-06 03:09:22,45
2016-12-06 03:09:27,45
2016-12-06 03:09:36,46
2016-12-06 03:09:37,46
2016-12-06 03:09:45,46
2016-12-06 03:09:47,46
2016-12-06 03:09:52,46
2016-12-06 03:09:57,47
2016-12-06 03:10:02,47
2016-12-06 03:10:07,46
2016-12-06 03:10:13,46
2016-12-06 03:10:19,45
2016-12-06 03:10:24,45
2016-12-06 03:10:32,46
2016-12-06 03:10:35,45
2016-12-06 03:10:44,45
2016-12-06 03:10:45,45
2016-12-06 03:10:51,45
2016-12-06 03:10:56,45
2016-12-06 03:11:01,45
2016-12-06 03:11:06,45
2016-12-06 03:11:12,46
2016-12-06 03:11:17,46
2016-12-06 03:11:25,46
2016-12-06 03:11:27,46
2016-12-06 03:11:32,46
2016-12-06 03:11:38,46
2016-12-06 03:11:48,46
2016-12-06 03:11:50,46
2016-12-06 03:11:55,46
2016-12-06 03:12:00,46
2016-12-06 03:12:05,46
2016-12-06 03:12:10,46
2016-12-06 03:12:19,47
2016-12-06 03:12:20,47
2016-12-06 03:12:29,46
2016-12-06 03:12:32,46
2016-12-06 03:12:37,46
2016-12-06 03:12:42,46
2016-12-06 03:12:47,46
2016-12-06 03:12:52,46
2016-12-06 03:12:57,46
2016-12-06 03:13:05,46
2016-12-06 03:13:07,46
2016-12-06 03:13:12,46
2016-12-06 03:13:19,46
2016-12-06 03:13:23,46
2016-12-06 03:13:29,46
2016-12-06 03:13:37,46
2016-12-06 03:13:40,46
2016-12-06 03:13:45,46
2016-12-06 03:13:50,47
2016-12-06 03:13:55,47
2016-12-06 03:14:00,46
2016-12-06 03:14:05,46
2016-12-06 03:14:10,45
2016-12-06 03:14:16,45
2016-12-06 03:14:21,45
2016-12-06 03:14:26,46
2016-12-06 03:14:32,46
2016-12-06 03:14:37,46
2016-12-06 03:14:42,46
2016-12-06 03:14:48,46
2016-12-06 03:14:53,46
2016-12-06 03:15:02,46
2016-12-06 03:15:03,46
2016-12-06 03:15:09,46
2016-12-06 03:15:14,46
2016-12-06 03:15:19,46
2016-12-06 03:15:24,46
2016-12-06 03:15:29,46
2016-12-06 03:15:34,46
2016-12-06 03:15:40,45
2016-12-06 03:15:49,46
2016-12-06 03:15:54,46
2016-12-06 03:15:55,46
2016-12-06 03:16:00,47
2016-12-06 03:16:05,47
2016-12-06 03:16:10,47
2016-12-06 03:16:15,47
2016-12-06 03:16:22,46
2016-12-06 03:16:28,46
2016-12-06 03:16:34,46
2016-12-06 03:16:37,46
2016-12-06 03:16:41,46
2016-12-06 03:16:46,46
2016-12-06 03:16:53,46
2016-12-06 03:17:00,45
2016-12-06 03:17:02,45
2016-12-06 03:17:08,45
2016-12-06 03:17:16,45
2016-12-06 03:17:17,45
2016-12-06 03:17:23,46
2016-12-06 03:17:27,46
2016-12-06 03:17:35,46
2016-12-06 03:17:40,46
2016-12-06 03:17:42,46
2016-12-06 03:17:48,46
2016-12-06 03:17:53,46
2016-12-06 03:17:59,46
2016-12-06 03:18:05,46
2016-12-06 03:18:10,46
2016-12-06 03:18:15,46
2016-12-06 03:18:21,46
2016-12-06 03:18:26,46
2016-12-06 03:18:32,46
2016-12-06 03:18:39,46
2016-12-06 03:18:41,46
2016-12-06 03:18:46,46
2016-12-06 03:18:51,46
2016-12-06 03:18:57,46
2016-12-06 03:19:02,46
2016-12-06 03:19:08,46
2016-12-06 03:19:13,46
2016-12-06 03:19:18,46
2016-12-06 03:19:24,46
2016-12-06 03:19:28,46
2016-12-06 03:19:33,47
2016-12-06 03:19:39,47
2016-12-06 03:19:45,47
2016-12-06 03:19:50,46
2016-12-06 03:20:00,46
2016-12-06 03:20:01,46
2016-12-06 03:20:06,46
2016-12-06 03:20:11,46
2016-12-06 03:20:17,46
2016-12-06 03:20:25,47
2016-12-06 03:20:26,47
2016-12-06 03:20:31,47
2016-12-06 03:20:36,47
2016-12-06 03:20:41,47
2016-12-06 03:20:46,47
2016-12-06 03:20:54,46
2016-12-06 03:21:00,47
2016-12-06 03:21:01,47
2016-12-06 03:21:06,47
2016-12-06 03:21:12,47
2016-12-06 03:21:18,47
2016-12-06 03:21:24,46
2016-12-06 03:21:33,46
2016-12-06 03:21:35,46
2016-12-06 03:21:40,46
2016-12-06 03:21:45,46
2016-12-06 03:21:50,46
2016-12-06 03:21:57,46
2016-12-06 03:22:00,46
2016-12-06 03:22:05,46
2016-12-06 03:22:15,46
2016-12-06 03:22:16,46
2016-12-06 03:22:22,46
2016-12-06 03:22:26,46
2016-12-06 03:22:31,46
2016-12-06 03:22:37,46
2016-12-06 03:22:42,46
2016-12-06 03:22:47,46
2016-12-06 03:22:53,46
2016-12-06 03:22:58,46
2016-12-06 03:23:04,46
2016-12-06 03:23:08,46
2016-12-06 03:23:16,46
2016-12-06 03:23:18,46
2016-12-06 03:23:23,46
2016-12-06 03:23:31,46
2016-12-06 03:23:33,46
2016-12-06 03:23:38,46
2016-12-06 03:23:43,46
2016-12-06 03:23:48,46
2016-12-06 03:23:53,46
2016-12-06 03:24:02,45
2016-12-06 03:24:07,45
2016-12-06 03:24:08,45
2016-12-06 03:24:16,45
2016-12-06 03:24:18,45
2016-12-06 03:24:24,46
2016-12-06 03:24:28,46
2016-12-06 03:24:34,47
2016-12-06 03:24:38,47
2016-12-06 03:24:43,47
2016-12-06 03:24:48,47
2016-12-06 03:24:55,46
2016-12-06 03:24:58,46
2016-12-06 03:25:04,47
2016-12-06 03:25:09,47
2016-12-06 03:25:14,47
2016-12-06 03:25:19,47
2016-12-06 03:25:24,47
2016-12-06 03:25:31,46
2016-12-06 03:25:34,46
2016-12-06 03:25:41,46
2016-12-06 03:25:44,46
2016-12-06 03:25:49,46
2016-12-06 03:25:54,46
2016-12-06 03:25:59,47
2016-12-06 03:26:04,47
2016-12-06 03:26:10,47
2016-12-06 03:26:17,46
2016-12-06 03:26:20,46
2016-12-06 03:26:30,46
2016-12-06 03:26:35,47
2016-12-06 03:26:36,47
2016-12-06 03:26:42,47
2016-12-06 03:26:48,47
2016-12-06 03:26:56,47
2016-12-06 03:26:57,47
2016-12-06 03:27:03,47
2016-12-06 03:27:08,47
2016-12-06 03:27:13,47
2016-12-06 03:27:18,46
2016-12-06 03:27:23,46
2016-12-06 03:27:29,46
2016-12-06 03:27:35,46
2016-12-06 03:27:40,46
2016-12-06 03:27:45,48
2016-12-06 03:27:51,47
2016-12-06 03:27:57,46
2016-12-06 03:28:05,46
2016-12-06 03:28:07,46
2016-12-06 03:28:15,47
2016-12-06 03:28:18,47
2016-12-06 03:28:24,47
2016-12-06 03:28:29,47
2016-12-06 03:28:37,46
2016-12-06 03:28:39,46
2016-12-06 03:28:48,46
2016-12-06 03:28:50,46
2016-12-06 03:28:55,46
2016-12-06 03:29:00,46
2016-12-06 03:29:07,47
2016-12-06 03:29:11,46
2016-12-06 03:29:16,46
2016-12-06 03:29:23,47
2016-12-06 03:29:27,47
2016-12-06 03:29:33,46
2016-12-06 03:29:39,46
2016-12-06 03:29:43,46
2016-12-06 03:29:52,46
2016-12-06 03:29:53,46
2016-12-06 03:29:59,46
2016-12-06 03:30:04,46
2016-12-06 03:30:10,46
2016-12-06 03:30:15,46
2016-12-06 03:30:21,46
2016-12-06 03:30:26,46
2016-12-06 03:30:31,46
2016-12-06 03:30:37,46
2016-12-06 03:30:43,46
2016-12-06 03:30:47,46
2016-12-06 03:30:52,46
2016-12-06 03:30:58,46
2016-12-06 03:31:04,46
2016-12-06 03:31:10,47
2016-12-06 03:31:20,45
2016-12-06 03:31:25,44
2016-12-06 03:31:30,45
2016-12-06 03:31:34,46
2016-12-06 03:31:40,47
2016-12-06 03:31:42,47
2016-12-06 03:31:47,47
2016-12-06 03:31:52,47
2016-12-06 03:31:57,47
2016-12-06 03:32:03,47
2016-12-06 03:32:08,47
2016-12-06 03:32:13,47
2016-12-06 03:32:18,47
2016-12-06 03:32:25,47
2016-12-06 03:32:29,47
2016-12-06 03:32:34,47
2016-12-06 03:32:40,46
2016-12-06 03:32:47,47
2016-12-06 03:32:50,47
2016-12-06 03:32:55,47
2016-12-06 03:33:00,47
2016-12-06 03:33:06,47
2016-12-06 03:33:11,47
2016-12-06 03:33:17,47
2016-12-06 03:33:22,46
2016-12-06 03:33:27,46
2016-12-06 03:33:33,46
2016-12-06 03:33:39,47
2016-12-06 03:33:43,47
2016-12-06 03:33:49,47
2016-12-06 03:33:54,47
2016-12-06 03:33:59,47
2016-12-06 03:34:04,47
2016-12-06 03:34:09,47
2016-12-06 03:34:14,47
2016-12-06 03:34:19,47
2016-12-06 03:34:25,47
2016-12-06 03:34:30,47
2016-12-06 03:34:39,47
2016-12-06 03:34:40,47
2016-12-06 03:34:49,46
2016-12-06 03:34:54,46
2016-12-06 03:34:56,46
2016-12-06 03:35:01,46
2016-12-06 03:35:06,46
2016-12-06 03:35:11,46
2016-12-06 03:35:16,46
2016-12-06 03:35:21,46
2016-12-06 03:35:27,47
2016-12-06 03:35:33,46
2016-12-06 03:35:41,47
2016-12-06 03:35:44,47
2016-12-06 03:35:48,47
2016-12-06 03:35:53,47
2016-12-06 03:35:58,47
2016-12-06 03:36:05,46
2016-12-06 03:36:11,46
2016-12-06 03:36:13,46
2016-12-06 03:36:18,46
2016-12-06 03:36:23,47
2016-12-06 03:36:28,47
2016-12-06 03:36:36,47
2016-12-06 03:36:38,47
2016-12-06 03:36:45,47
2016-12-06 03:36:48,47
2016-12-06 03:36:58,45
2016-12-06 03:37:02,46
2016-12-06 03:37:07,46
2016-12-06 03:37:12,46
2016-12-06 03:37:14,46
2016-12-06 03:37:19,47
2016-12-06 03:37:28,47
2016-12-06 03:37:29,47
2016-12-06 03:37:34,47
2016-12-06 03:37:40,47
2016-12-06 03:37:46,47
2016-12-06 03:37:51,47
2016-12-06 03:37:56,47
2016-12-06 03:38:05,47
2016-12-06 03:38:06,47
2016-12-06 03:38:11,46
2016-12-06 03:38:16,46
2016-12-06 03:38:21,46
2016-12-06 03:38:26,46
2016-12-06 03:38:31,45
2016-12-06 03:38:39,46
2016-12-06 03:38:42,46
2016-12-06 03:38:48,46
2016-12-06 03:38:54,46
2016-12-06 03:39:00,47
2016-12-06 03:39:09,47
2016-12-06 03:39:14,47
2016-12-06 03:39:16,47
2016-12-06 03:39:25,46
2016-12-06 03:39:26,46
2016-12-06 03:39:32,46
2016-12-06 03:39:37,47
2016-12-06 03:39:42,46
2016-12-06 03:39:47,46
2016-12-06 03:39:53,46
2016-12-06 03:39:59,46
2016-12-06 03:40:05,46
2016-12-06 03:40:09,46
2016-12-06 03:40:14,46
2016-12-06 03:40:19,47
2016-12-06 03:40:24,46
2016-12-06 03:40:29,47
2016-12-06 03:40:34,47
2016-12-06 03:40:39,47
2016-12-06 03:40:45,47
2016-12-06 03:40:54,47
2016-12-06 03:40:56,47
2016-12-06 03:41:01,47
2016-12-06 03:41:06,47
2016-12-06 03:41:11,47
2016-12-06 03:41:16,47
2016-12-06 03:41:23,48
2016-12-06 03:41:26,48
2016-12-06 03:41:31,48
2016-12-06 03:41:37,48
2016-12-06 03:41:47,53
2016-12-06 03:41:50,50
2016-12-06 03:41:54,51
2016-12-06 03:42:09,44
2016-12-06 03:42:14,44
2016-12-06 03:42:19,44
2016-12-06 03:42:24,45
2016-12-06 03:42:28,46
2016-12-06 03:42:34,45
2016-12-06 03:42:37,45
2016-12-06 03:42:42,46
2016-12-06 03:42:46,46
2016-12-06 03:42:52,52
2016-12-06 03:43:01,52
2016-12-06 03:43:06,49
2016-12-06 03:43:11,47
2016-12-06 03:43:16,47
2016-12-06 03:43:21,46
2016-12-06 03:43:26,43
2016-12-06 03:43:31,43
2016-12-06 03:43:36,44
2016-12-06 03:43:42,44
2016-12-06 03:43:46,44
2016-12-06 03:43:52,45
2016-12-06 03:43:56,46
2016-12-06 03:44:02,45
2016-12-06 03:44:06,45
2016-12-06 03:44:10,46
2016-12-06 03:44:17,46
2016-12-06 03:44:19,46
2016-12-06 03:44:24,46
2016-12-06 03:44:31,47
2016-12-06 03:44:38,47
2016-12-06 03:44:43,47
2016-12-06 03:44:45,47
2016-12-06 03:44:52,47
2016-12-06 03:44:58,47
2016-12-06 03:45:01,47
2016-12-06 03:45:07,47
2016-12-06 03:45:13,47
2016-12-06 03:45:18,47
2016-12-06 03:45:23,47
2016-12-06 03:45:29,47
2016-12-06 03:45:34,47
2016-12-06 03:45:40,47
2016-12-06 03:45:45,47
2016-12-06 03:45:50,47
2016-12-06 03:45:56,47
2016-12-06 03:46:01,47
2016-12-06 03:46:06,47
2016-12-06 03:46:11,46
2016-12-06 03:46:16,45
2016-12-06 03:46:22,45
2016-12-06 03:46:27,45
2016-12-06 03:46:32,49
2016-12-06 03:46:42,47
2016-12-06 03:46:48,47
2016-12-06 03:46:49,47
2016-12-06 03:46:54,47
2016-12-06 03:47:02,46
2016-12-06 03:47:05,46
2016-12-06 03:47:10,46
2016-12-06 03:47:15,46
2016-12-06 03:47:21,46
2016-12-06 03:47:29,46
2016-12-06 03:47:31,46
2016-12-06 03:47:39,46
2016-12-06 03:47:42,46
2016-12-06 03:47:47,46
2016-12-06 03:47:55,46
2016-12-06 03:47:57,46
2016-12-06 03:48:02,46
2016-12-06 03:48:07,47
2016-12-06 03:48:12,47
2016-12-06 03:48:19,47
2016-12-06 03:48:24,49
2016-12-06 03:48:30,52
2016-12-06 03:48:37,48
2016-12-06 03:48:42,47
2016-12-06 03:48:48,47
2016-12-06 03:48:53,48
2016-12-06 03:48:54,48
2016-12-06 03:49:03,49
2016-12-06 03:49:04,49
2016-12-06 03:49:10,51
2016-12-06 03:49:16,52
2016-12-06 03:49:23,51
2016-12-06 03:49:31,50
2016-12-06 03:49:33,50
2016-12-06 03:49:38,50
2016-12-06 03:49:48,48
2016-12-06 03:49:52,48
2016-12-06 03:49:54,47
2016-12-06 03:50:00,45
2016-12-06 03:50:06,44
2016-12-06 03:50:10,45
2016-12-06 03:50:15,46
2016-12-06 03:50:24,47
2016-12-06 03:50:26,47
2016-12-06 03:50:31,47
2016-12-06 03:50:37,48
2016-12-06 03:50:46,47
2016-12-06 03:50:50,47
2016-12-06 03:50:54,46
2016-12-06 03:50:58,46
2016-12-06 03:51:06,47
2016-12-06 03:51:09,47
2016-12-06 03:51:17,51
2016-12-06 03:51:20,50
2016-12-06 03:51:25,50
2016-12-06 03:51:35,51
2016-12-06 03:51:40,50
2016-12-06 03:51:45,50
2016-12-06 03:51:46,50
2016-12-06 03:51:55,54
2016-12-06 03:52:01,51
2016-12-06 03:52:07,50
2016-12-06 03:52:12,48
2016-12-06 03:52:14,47
2016-12-06 03:52:23,46
2016-12-06 03:52:24,46
2016-12-06 03:52:29,46
2016-12-06 03:52:34,47
2016-12-06 03:52:40,47
2016-12-06 03:52:45,46
2016-12-06 03:52:50,44
2016-12-06 03:52:55,45
2016-12-06 03:53:00,50
2016-12-06 03:53:09,63
2016-12-06 03:53:11,63
2016-12-06 03:53:21,49
2016-12-06 03:53:26,48
2016-12-06 03:53:30,47
2016-12-06 03:53:36,46
2016-12-06 03:53:39,46
2016-12-06 03:53:47,50
2016-12-06 03:53:51,50
2016-12-06 03:53:53,49
2016-12-06 03:54:02,47
2016-12-06 03:54:06,46
2016-12-06 03:54:10,47
2016-12-06 03:54:14,46
2016-12-06 03:54:21,46
2016-12-06 03:54:24,46
2016-12-06 03:54:28,46
2016-12-06 03:54:33,47
2016-12-06 03:54:42,47
2016-12-06 03:54:43,47
2016-12-06 03:54:48,46
2016-12-06 03:54:53,45
2016-12-06 03:55:01,45
2016-12-06 03:55:03,45
2016-12-06 03:55:12,49
2016-12-06 03:55:13,48
2016-12-06 03:55:19,47
2016-12-06 03:55:24,46
2016-12-06 03:55:29,46
2016-12-06 03:55:39,48
2016-12-06 03:55:44,48
2016-12-06 03:55:46,48
2016-12-06 03:55:51,48
2016-12-06 03:55:56,48
2016-12-06 03:56:02,48
2016-12-06 03:56:07,47
2016-12-06 03:56:12,47
2016-12-06 03:56:17,48
2016-12-06 03:56:22,47
2016-12-06 03:56:31,55
2016-12-06 03:56:36,71
2016-12-06 03:56:47,47
2016-12-06 03:56:53,48
2016-12-06 03:56:58,47
2016-12-06 03:57:03,46
2016-12-06 03:57:10,44
2016-12-06 03:57:15,44
2016-12-06 03:57:20,44
2016-12-06 03:57:22,45
2016-12-06 03:57:30,45
2016-12-06 03:57:32,45
2016-12-06 03:57:36,44
2016-12-06 03:57:45,43
2016-12-06 03:57:50,44
2016-12-06 03:57:51,44
2016-12-06 03:57:56,44
2016-12-06 03:58:01,44
2016-12-06 03:58:10,46
2016-12-06 03:58:16,47
2016-12-06 03:58:20,47
2016-12-06 03:58:24,46
2016-12-06 03:58:31,44
2016-12-06 03:58:37,45
2016-12-06 03:58:43,45
2016-12-06 03:58:44,45
2016-12-06 03:58:49,46
2016-12-06 03:58:56,47
2016-12-06 03:59:00,47
2016-12-06 03:59:05,47
2016-12-06 03:59:13,43
2016-12-06 03:59:16,43
2016-12-06 03:59:21,44
2016-12-06 03:59:26,44
2016-12-06 03:59:31,45
2016-12-06 03:59:40,55
2016-12-06 03:59:41,55
2016-12-06 03:59:51,52
2016-12-06 03:59:56,49
2016-12-06 04:00:02,47
2016-12-06 04:00:06,47
2016-12-06 04:00:08,47
2016-12-06 04:00:17,45
2016-12-06 04:00:21,45
2016-12-06 04:00:28,46
2016-12-06 04:00:33,47
2016-12-06 04:00:35,47
2016-12-06 04:00:43,47
2016-12-06 04:00:46,47
2016-12-06 04:00:49,46
2016-12-06 04:00:58,46
2016-12-06 04:00:59,47
2016-12-06 04:01:08,49
2016-12-06 04:01:14,49
2016-12-06 04:01:15,49
2016-12-06 04:01:24,52
2016-12-06 04:01:26,52
2016-12-06 04:01:32,52
2016-12-06 04:01:35,51
2016-12-06 04:01:40,50
2016-12-06 04:01:51,53
2016-12-06 04:01:52,52
2016-12-06 04:01:57,51
2016-12-06 04:02:02,50
2016-12-06 04:02:09,48
2016-12-06 04:02:12,48
2016-12-06 04:02:17,47
2016-12-06 04:02:23,47
2016-12-06 04:02:28,47
2016-12-06 04:02:33,45
2016-12-06 04:02:39,41
2016-12-06 04:02:46,41
2016-12-06 04:02:53,41
2016-12-06 04:02:54,41
2016-12-06 04:03:00,41
2016-12-06 04:03:10,41
2016-12-06 04:03:12,42
2016-12-06 04:03:16,42
2016-12-06 04:03:23,42
2016-12-06 04:03:26,43
2016-12-06 04:03:36,49
2016-12-06 04:03:42,49
2016-12-06 04:03:47,49
2016-12-06 04:03:52,48
2016-12-06 04:03:57,48
2016-12-06 04:03:58,48
2016-12-06 04:04:03,47
2016-12-06 04:04:09,47
2016-12-06 04:04:19,47
2016-12-06 04:04:21,47
2016-12-06 04:04:29,46
2016-12-06 04:04:37,45
2016-12-06 04:04:38,45
2016-12-06 04:04:44,46
2016-12-06 04:04:49,46
2016-12-06 04:04:55,46
2016-12-06 04:05:03,46
2016-12-06 04:05:05,46
2016-12-06 04:05:10,46
2016-12-06 04:05:17,46
2016-12-06 04:05:20,47
2016-12-06 04:05:25,50
2016-12-06 04:05:30,52
2016-12-06 04:05:35,52
2016-12-06 04:05:44,46
2016-12-06 04:05:45,46
2016-12-06 04:05:55,45
2016-12-06 04:05:56,45
2016-12-06 04:06:05,47
2016-12-06 04:06:10,47
2016-12-06 04:06:15,47
2016-12-06 04:06:17,47
2016-12-06 04:06:23,47
2016-12-06 04:06:27,47
2016-12-06 04:06:32,47
2016-12-06 04:06:42,47
2016-12-06 04:06:43,47
2016-12-06 04:06:48,48
2016-12-06 04:06:57,48
2016-12-06 04:07:02,48
2016-12-06 04:07:06,48
2016-12-06 04:07:09,48
2016-12-06 04:07:13,47
2016-12-06 04:07:18,47
2016-12-06 04:07:27,46
2016-12-06 04:07:28,46
2016-12-06 04:07:33,47
2016-12-06 04:07:39,47
2016-12-06 04:07:43,47
2016-12-06 04:07:48,47
2016-12-06 04:07:53,47
2016-12-06 04:08:00,52
2016-12-06 04:08:03,52
2016-12-06 04:08:12,45
2016-12-06 04:08:17,45
2016-12-06 04:08:18,45
2016-12-06 04:08:28,46
2016-12-06 04:08:34,46
2016-12-06 04:08:35,46
2016-12-06 04:08:43,46
2016-12-06 04:08:45,46
2016-12-06 04:08:50,46
2016-12-06 04:08:55,46
2016-12-06 04:09:01,46
2016-12-06 04:09:11,46
2016-12-06 04:09:15,46
2016-12-06 04:09:17,46
2016-12-06 04:09:23,46
2016-12-06 04:09:28,46
2016-12-06 04:09:35,44
2016-12-06 04:09:39,45
2016-12-06 04:09:43,45
2016-12-06 04:09:53,45
2016-12-06 04:09:59,46
2016-12-06 04:10:00,46
2016-12-06 04:10:09,46
2016-12-06 04:10:10,46
2016-12-06 04:10:15,46
2016-12-06 04:10:21,48
2016-12-06 04:10:25,47
2016-12-06 04:10:34,45
2016-12-06 04:10:39,46
2016-12-06 04:10:42,46
2016-12-06 04:10:45,46
2016-12-06 04:10:50,47
2016-12-06 04:10:59,47
2016-12-06 04:11:03,47
2016-12-06 04:11:09,45
2016-12-06 04:11:13,44
2016-12-06 04:11:19,44
2016-12-06 04:11:21,44
2016-12-06 04:11:27,44
2016-12-06 04:11:35,45
2016-12-06 04:11:36,45
2016-12-06 04:11:41,46
2016-12-06 04:11:48,50
2016-12-06 04:11:51,50
2016-12-06 04:12:01,45
2016-12-06 04:12:02,45
2016-12-06 04:12:08,45
2016-12-06 04:12:19,45
2016-12-06 04:12:20,45
2016-12-06 04:12:29,46
2016-12-06 04:12:31,46
2016-12-06 04:12:41,47
2016-12-06 04:12:43,47
2016-12-06 04:12:50,47
2016-12-06 04:12:52,47
2016-12-06 04:12:57,47
2016-12-06 04:13:07,49
2016-12-06 04:13:08,49
2016-12-06 04:13:14,47
2016-12-06 04:13:20,45
2016-12-06 04:13:24,45
2016-12-06 04:13:29,44
2016-12-06 04:13:34,44
2016-12-06 04:13:40,45
2016-12-06 04:13:45,45
2016-12-06 04:13:50,45
2016-12-06 04:13:55,44
2016-12-06 04:14:02,42
2016-12-06 04:14:06,42
2016-12-06 04:14:13,42
2016-12-06 04:14:16,42
2016-12-06 04:14:21,43
2016-12-06 04:14:31,44
2016-12-06 04:14:37,44
2016-12-06 04:14:41,44
2016-12-06 04:14:43,45
2016-12-06 04:14:51,45
2016-12-06 04:14:54,45
2016-12-06 04:14:59,45
2016-12-06 04:15:06,45
2016-12-06 04:15:09,45
2016-12-06 04:15:15,45
2016-12-06 04:15:23,45
2016-12-06 04:15:28,45
2016-12-06 04:15:30,45
2016-12-06 04:15:35,44
2016-12-06 04:15:40,44
2016-12-06 04:15:46,44
2016-12-06 04:15:51,44
2016-12-06 04:15:57,45
2016-12-06 04:16:05,45
2016-12-06 04:16:08,45
2016-12-06 04:16:11,45
2016-12-06 04:16:18,45
2016-12-06 04:16:22,46
2016-12-06 04:16:27,49
2016-12-06 04:16:32,49
2016-12-06 04:16:38,48
2016-12-06 04:16:47,52
2016-12-06 04:16:48,60
2016-12-06 04:16:57,44
2016-12-06 04:17:02,43
2016-12-06 04:17:07,43
2016-12-06 04:17:13,42
2016-12-06 04:17:18,42
2016-12-06 04:17:19,42
2016-12-06 04:17:24,46
2016-12-06 04:17:33,42
2016-12-06 04:17:38,42
2016-12-06 04:17:43,43
2016-12-06 04:17:48,43
2016-12-06 04:17:53,44
2016-12-06 04:17:57,44
2016-12-06 04:18:04,44
2016-12-06 04:18:10,44
2016-12-06 04:18:12,44
2016-12-06 04:18:20,44
2016-12-06 04:18:24,45
2016-12-06 04:18:29,45
2016-12-06 04:18:33,45
2016-12-06 04:18:37,45
2016-12-06 04:18:44,45
2016-12-06 04:18:51,45
2016-12-06 04:18:53,45
2016-12-06 04:18:59,46
2016-12-06 04:19:06,46
2016-12-06 04:19:10,46
2016-12-06 04:19:18,46
2016-12-06 04:19:23,47
2016-12-06 04:19:28,49
2016-12-06 04:19:31,49
2016-12-06 04:19:40,49
2016-12-06 04:19:41,48
2016-12-06 04:19:49,45
2016-12-06 04:19:52,45
2016-12-06 04:19:58,45
2016-12-06 04:20:04,45
2016-12-06 04:20:09,45
2016-12-06 04:20:14,45
2016-12-06 04:20:19,45
2016-12-06 04:20:24,47
2016-12-06 04:20:31,50
2016-12-06 04:20:35,48
2016-12-06 04:20:40,51
2016-12-06 04:20:46,45
2016-12-06 04:20:54,44
2016-12-06 04:20:58,44
2016-12-06 04:21:04,45
2016-12-06 04:21:08,45
2016-12-06 04:21:12,45
2016-12-06 04:21:16,46
2016-12-06 04:21:25,45
2016-12-06 04:21:30,43
2016-12-06 04:21:32,43
2016-12-06 04:21:37,44
2016-12-06 04:21:43,44
2016-12-06 04:21:48,44
2016-12-06 04:21:55,44
2016-12-06 04:21:59,44
2016-12-06 04:22:04,44
2016-12-06 04:22:13,46
2016-12-06 04:22:18,46
2016-12-06 04:22:20,45
2016-12-06 04:22:28,45
2016-12-06 04:22:30,45
2016-12-06 04:22:35,45
2016-12-06 04:22:41,45
2016-12-06 04:22:50,45
2016-12-06 04:22:52,45
2016-12-06 04:22:57,45
2016-12-06 04:23:02,45
2016-12-06 04:23:07,45
2016-12-06 04:23:13,46
2016-12-06 04:23:17,47
2016-12-06 04:23:22,48
2016-12-06 04:23:31,44
2016-12-06 04:23:36,43
2016-12-06 04:23:41,43
2016-12-06 04:23:45,44
2016-12-06 04:23:51,44
2016-12-06 04:23:56,45
2016-12-06 04:23:58,45
2016-12-06 04:24:04,45
2016-12-06 04:24:10,45
2016-12-06 04:24:16,45
2016-12-06 04:24:21,45
2016-12-06 04:24:25,45
2016-12-06 04:24:34,45
2016-12-06 04:24:39,46
2016-12-06 04:24:42,46
2016-12-06 04:24:46,45
2016-12-06 04:24:50,45
2016-12-06 04:24:57,45
2016-12-06 04:25:00,45
2016-12-06 04:25:09,45
2016-12-06 04:25:10,45
2016-12-06 04:25:16,46
2016-12-06 04:25:23,46
2016-12-06 04:25:26,46
2016-12-06 04:25:34,46
2016-12-06 04:25:36,46
2016-12-06 04:25:42,46
2016-12-06 04:25:47,46
2016-12-06 04:25:52,46
2016-12-06 04:25:57,47
2016-12-06 04:26:02,46
2016-12-06 04:26:07,44
2016-12-06 04:26:16,44
2016-12-06 04:26:18,44
2016-12-06 04:26:24,44
2016-12-06 04:26:29,45
2016-12-06 04:26:38,46
2016-12-06 04:26:39,46
2016-12-06 04:26:45,46
2016-12-06 04:26:53,47
2016-12-06 04:26:55,46
2016-12-06 04:27:00,46
2016-12-06 04:27:05,46
2016-12-06 04:27:10,46
2016-12-06 04:27:15,46
2016-12-06 04:27:20,45
2016-12-06 04:27:25,45
2016-12-06 04:27:30,45
2016-12-06 04:27:36,44
2016-12-06 04:27:41,45
2016-12-06 04:27:46,44
2016-12-06 04:27:52,44
2016-12-06 04:27:57,44
2016-12-06 04:28:06,46
2016-12-06 04:28:07,46
2016-12-06 04:28:12,46
2016-12-06 04:28:17,46
2016-12-06 04:28:22,46
2016-12-06 04:28:27,48
2016-12-06 04:28:32,48
2016-12-06 04:28:42,44
2016-12-06 04:28:47,44
2016-12-06 04:28:48,45
2016-12-06 04:28:57,45
2016-12-06 04:28:58,45
2016-12-06 04:29:04,46
2016-12-06 04:29:08,46
2016-12-06 04:29:13,46
2016-12-06 04:29:18,46
2016-12-06 04:29:24,45
2016-12-06 04:29:29,45
2016-12-06 04:29:34,45
2016-12-06 04:29:39,45
2016-12-06 04:29:44,45
2016-12-06 04:29:49,45
2016-12-06 04:29:58,45
2016-12-06 04:30:04,44
2016-12-06 04:30:09,43
2016-12-06 04:30:10,43
2016-12-06 04:30:19,44
2016-12-06 04:30:20,44
2016-12-06 04:30:25,44
2016-12-06 04:30:31,44
2016-12-06 04:30:37,45
2016-12-06 04:30:42,50
2016-12-06 04:30:47,46
2016-12-06 04:30:53,49
2016-12-06 04:30:57,49
2016-12-06 04:31:04,51
2016-12-06 04:31:18,74
2016-12-06 04:31:19,74
2016-12-06 04:31:24,74
2016-12-06 04:31:29,74
2016-12-06 04:31:34,78
2016-12-06 04:31:49,42
2016-12-06 04:31:59,42
2016-12-06 04:32:04,42
2016-12-06 04:32:09,44
2016-12-06 04:32:10,44
2016-12-06 04:32:19,44
2016-12-06 04:32:24,44
2016-12-06 04:32:27,44
2016-12-06 04:32:34,44
2016-12-06 04:32:36,44
2016-12-06 04:32:44,44
2016-12-06 04:32:47,44
2016-12-06 04:32:56,44
2016-12-06 04:32:58,44
2016-12-06 04:33:06,45
2016-12-06 04:33:13,45
2016-12-06 04:33:14,45
2016-12-06 04:33:19,45
2016-12-06 04:33:26,46
2016-12-06 04:33:34,46
2016-12-06 04:33:38,46
2016-12-06 04:33:41,46
2016-12-06 04:33:46,46
2016-12-06 04:33:51,46
2016-12-06 04:33:56,46
2016-12-06 04:34:03,46
2016-12-06 04:34:06,46
2016-12-06 04:34:15,45
2016-12-06 04:34:17,45
2016-12-06 04:34:21,45
2016-12-06 04:34:27,45
2016-12-06 04:34:31,44
2016-12-06 04:34:36,44
2016-12-06 04:34:41,44
2016-12-06 04:34:46,44
2016-12-06 04:34:51,44
2016-12-06 04:34:57,44
2016-12-06 04:35:03,44
2016-12-06 04:35:12,44
2016-12-06 04:35:18,44
2016-12-06 04:35:19,44
2016-12-06 04:35:25,44
2016-12-06 04:35:29,44
2016-12-06 04:35:34,44
2016-12-06 04:35:39,44
2016-12-06 04:35:44,44
2016-12-06 04:35:49,46
2016-12-06 04:35:55,45
2016-12-06 04:36:04,44
2016-12-06 04:36:06,44
2016-12-06 04:36:14,44
2016-12-06 04:36:16,44
2016-12-06 04:36:26,44
2016-12-06 04:36:28,44
2016-12-06 04:36:32,44
2016-12-06 04:36:37,44
2016-12-06 04:36:46,45
2016-12-06 04:36:52,41
2016-12-06 04:36:57,42
2016-12-06 04:37:00,42
2016-12-06 04:37:04,42
2016-12-06 04:37:09,43
2016-12-06 04:37:17,43
2016-12-06 04:37:21,43
2016-12-06 04:37:26,43
2016-12-06 04:37:36,44
2016-12-06 04:37:39,44
2016-12-06 04:37:42,44
2016-12-06 04:37:48,44
2016-12-06 04:37:52,44
2016-12-06 04:37:57,45
2016-12-06 04:38:06,44
2016-12-06 04:38:08,44
2016-12-06 04:38:13,44
2016-12-06 04:38:18,44
2016-12-06 04:38:26,43
2016-12-06 04:38:30,43
2016-12-06 04:38:37,44
2016-12-06 04:38:40,44
2016-12-06 04:38:44,43
2016-12-06 04:38:48,44
2016-12-06 04:38:53,46
2016-12-06 04:39:02,44
2016-12-06 04:39:04,43
2016-12-06 04:39:11,42
2016-12-06 04:39:16,43
2016-12-06 04:39:19,43
2016-12-06 04:39:26,43
2016-12-06 04:39:29,43
2016-12-06 04:39:35,43
2016-12-06 04:39:39,43
2016-12-06 04:39:47,43
2016-12-06 04:39:51,43
2016-12-06 04:39:56,43
2016-12-06 04:40:00,44
2016-12-06 04:40:08,43
2016-12-06 04:40:11,43
2016-12-06 04:40:18,43
2016-12-06 04:40:22,43
2016-12-06 04:40:32,41
2016-12-06 04:40:38,41
2016-12-06 04:40:40,41
2016-12-06 04:40:44,41
2016-12-06 04:40:53,43
2016-12-06 04:40:54,43
2016-12-06 04:41:03,44
2016-12-06 04:41:04,44
2016-12-06 04:41:09,44
2016-12-06 04:41:15,44
2016-12-06 04:41:19,44
2016-12-06 04:41:27,44
2016-12-06 04:41:29,44
2016-12-06 04:41:35,44
2016-12-06 04:41:40,44
2016-12-06 04:41:50,44
2016-12-06 04:41:51,44
2016-12-06 04:41:56,45
2016-12-06 04:42:04,44
2016-12-06 04:42:07,44
2016-12-06 04:42:16,44
2016-12-06 04:42:21,45
2016-12-06 04:42:23,45
2016-12-06 04:42:27,45
2016-12-06 04:42:33,45
2016-12-06 04:42:43,44
2016-12-06 04:42:46,44
2016-12-06 04:42:49,44
2016-12-06 04:42:55,44
2016-12-06 04:43:00,44
2016-12-06 04:43:09,44
2016-12-06 04:43:11,44
2016-12-06 04:43:16,44
2016-12-06 04:43:26,45
2016-12-06 04:43:32,41
2016-12-06 04:43:36,41
2016-12-06 04:43:40,41
2016-12-06 04:43:48,43
2016-12-06 04:43:50,44
2016-12-06 04:43:57,44
2016-12-06 04:44:04,45
2016-12-06 04:44:09,46
2016-12-06 04:44:12,45
2016-12-06 04:44:15,45
2016-12-06 04:44:21,45
2016-12-06 04:44:26,45
2016-12-06 04:44:31,45
2016-12-06 04:44:41,44
2016-12-06 04:44:42,44
2016-12-06 04:44:50,44
2016-12-06 04:44:53,44
2016-12-06 04:44:57,44
2016-12-06 04:45:02,44
2016-12-06 04:45:13,46
2016-12-06 04:45:22,86
2016-12-06 04:45:24,85
2016-12-06 04:45:29,86
2016-12-06 04:45:48,44
2016-12-06 04:45:53,45
2016-12-06 04:45:59,44
2016-12-06 04:46:04,43
2016-12-06 04:46:06,43
2016-12-06 04:46:12,44
2016-12-06 04:46:20,42
2016-12-06 04:46:25,42
2016-12-06 04:46:28,43
2016-12-06 04:46:36,42
2016-12-06 04:46:41,42
2016-12-06 04:46:43,42
2016-12-06 04:46:52,47
2016-12-06 04:46:57,46
2016-12-06 04:47:02,46
2016-12-06 04:47:07,46
2016-12-06 04:47:12,45
2016-12-06 04:47:13,45
2016-12-06 04:47:18,45
2016-12-06 04:47:26,49
2016-12-06 04:47:29,46
2016-12-06 04:47:37,42
2016-12-06 04:47:40,42
2016-12-06 04:47:43,42
2016-12-06 04:47:53,43
2016-12-06 04:47:55,43
2016-12-06 04:48:00,43
2016-12-06 04:48:05,43
2016-12-06 04:48:15,48
2016-12-06 04:48:16,48
2016-12-06 04:48:24,45
2016-12-06 04:48:28,45
2016-12-06 04:48:31,45
2016-12-06 04:48:37,45
2016-12-06 04:48:46,44
2016-12-06 04:48:47,44
2016-12-06 04:48:56,44
2016-12-06 04:48:58,44
2016-12-06 04:49:02,44
2016-12-06 04:49:07,45
2016-12-06 04:49:12,45
2016-12-06 04:49:23,44
2016-12-06 04:49:27,43
2016-12-06 04:49:29,43
2016-12-06 04:49:34,44
2016-12-06 04:49:39,43
2016-12-06 04:49:44,43
2016-12-06 04:49:49,44
2016-12-06 04:49:58,43
2016-12-06 04:49:59,43
2016-12-06 04:50:04,43
2016-12-06 04:50:13,43
2016-12-06 04:50:14,43
2016-12-06 04:50:19,44
2016-12-06 04:50:28,43
2016-12-06 04:50:33,43
2016-12-06 04:50:38,43
2016-12-06 04:50:39,43
2016-12-06 04:50:46,44
2016-12-06 04:50:51,44
2016-12-06 04:50:54,44
2016-12-06 04:51:00,44
2016-12-06 04:51:07,42
2016-12-06 04:51:13,41
2016-12-06 04:51:18,42
2016-12-06 04:51:23,43
2016-12-06 04:51:28,44
2016-12-06 04:51:30,44
2016-12-06 04:51:35,44
2016-12-06 04:51:44,43
2016-12-06 04:51:49,40
2016-12-06 04:51:50,40
2016-12-06 04:51:55,39
2016-12-06 04:52:04,45
2016-12-06 04:52:09,47
2016-12-06 04:52:14,46
2016-12-06 04:52:19,46
2016-12-06 04:52:23,45
2016-12-06 04:52:29,46
2016-12-06 04:52:35,43
2016-12-06 04:52:40,42
2016-12-06 04:52:45,42
2016-12-06 04:52:51,42
2016-12-06 04:52:56,42
2016-12-06 04:53:02,42
2016-12-06 04:53:07,44
2016-12-06 04:53:09,44
2016-12-06 04:53:17,45
2016-12-06 04:53:21,45
2016-12-06 04:53:26,45
2016-12-06 04:53:28,45
2016-12-06 04:53:33,44
2016-12-06 04:53:38,44
2016-12-06 04:53:43,44
2016-12-06 04:53:52,44
2016-12-06 04:53:58,46
2016-12-06 04:54:01,47
2016-12-06 04:54:08,43
2016-12-06 04:54:10,41
2016-12-06 04:54:18,42
2016-12-06 04:54:20,42
2016-12-06 04:54:25,42
2016-12-06 04:54:30,42
2016-12-06 04:54:35,43
2016-12-06 04:54:42,43
2016-12-06 04:54:45,43
2016-12-06 04:54:50,43
2016-12-06 04:54:55,44
2016-12-06 04:55:04,44
2016-12-06 04:55:06,44
2016-12-06 04:55:11,44
2016-12-06 04:55:19,43
2016-12-06 04:55:21,43
2016-12-06 04:55:26,43
2016-12-06 04:55:32,43
2016-12-06 04:55:40,43
2016-12-06 04:55:46,41
2016-12-06 04:55:51,42
2016-12-06 04:55:54,42
2016-12-06 04:56:03,43
2016-12-06 04:56:04,43
2016-12-06 04:56:09,43
2016-12-06 04:56:17,43
2016-12-06 04:56:20,43
2016-12-06 04:56:25,43
2016-12-06 04:56:33,43
2016-12-06 04:56:35,43
2016-12-06 04:56:40,43
2016-12-06 04:56:45,43
2016-12-06 04:56:50,43
2016-12-06 04:56:55,43
2016-12-06 04:57:01,43
2016-12-06 04:57:09,43
2016-12-06 04:57:10,43
2016-12-06 04:57:16,43
2016-12-06 04:57:21,43
2016-12-06 04:57:26,43
2016-12-06 04:57:34,43
2016-12-06 04:57:37,43
2016-12-06 04:57:42,43
2016-12-06 04:57:48,43
2016-12-06 04:57:53,43
2016-12-06 04:57:58,43
2016-12-06 04:58:05,43
2016-12-06 04:58:08,43
2016-12-06 04:58:13,44
2016-12-06 04:58:19,43
2016-12-06 04:58:24,44
2016-12-06 04:58:33,41
2016-12-06 04:58:35,41
2016-12-06 04:58:42,42
2016-12-06 04:58:48,43
2016-12-06 04:58:50,43
2016-12-06 04:58:57,43
2016-12-06 04:58:59,43
2016-12-06 04:59:06,43
2016-12-06 04:59:14,43
2016-12-06 04:59:16,43
2016-12-06 04:59:20,43
2016-12-06 04:59:25,43
2016-12-06 04:59:31,43
2016-12-06 04:59:37,43
2016-12-06 04:59:42,43
2016-12-06 04:59:48,43
2016-12-06 04:59:56,42
2016-12-06 04:59:59,42
2016-12-06 05:00:08,42
2016-12-06 05:00:09,42
2016-12-06 05:00:15,42
2016-12-06 05:00:21,42
2016-12-06 05:00:26,42
2016-12-06 05:00:32,42
2016-12-06 05:00:37,43
2016-12-06 05:00:42,43
2016-12-06 05:00:52,44
2016-12-06 05:00:55,44
2016-12-06 05:00:58,44
2016-12-06 05:01:04,44
2016-12-06 05:01:14,45
2016-12-06 05:01:18,45
2016-12-06 05:01:21,45
2016-12-06 05:01:29,44
2016-12-06 05:01:33,44
2016-12-06 05:01:39,44
2016-12-06 05:01:44,44
2016-12-06 05:01:50,44
2016-12-06 05:01:54,43
2016-12-06 05:01:59,41
2016-12-06 05:02:07,41
2016-12-06 05:02:11,41
2016-12-06 05:02:17,42
2016-12-06 05:02:20,42
2016-12-06 05:02:27,43
2016-12-06 05:02:31,43
2016-12-06 05:02:41,43
2016-12-06 05:02:45,43
2016-12-06 05:02:48,43
2016-12-06 05:02:57,43
2016-12-06 05:02:59,44
2016-12-06 05:03:04,44
2016-12-06 05:03:10,44
2016-12-06 05:03:16,43
2016-12-06 05:03:22,44
2016-12-06 05:03:27,43
2016-12-06 05:03:36,41
2016-12-06 05:03:42,42
2016-12-06 05:03:47,45
2016-12-06 05:03:52,45
2016-12-06 05:03:53,45
2016-12-06 05:04:01,42
2016-12-06 05:04:03,42
2016-12-06 05:04:11,42
2016-12-06 05:04:13,42
2016-12-06 05:04:18,42
2016-12-06 05:04:23,43
2016-12-06 05:04:29,43
2016-12-06 05:04:38,43
2016-12-06 05:04:45,43
2016-12-06 05:04:48,43
2016-12-06 05:04:56,44
2016-12-06 05:04:57,44
2016-12-06 05:05:02,43
2016-12-06 05:05:07,43
2016-12-06 05:05:13,43
2016-12-06 05:05:19,43
2016-12-06 05:05:28,60
2016-12-06 05:05:31,60
2016-12-06 05:05:34,61
2016-12-06 05:05:39,61
2016-12-06 05:05:44,61
2016-12-06 05:05:54,83
2016-12-06 05:05:56,83
2016-12-06 05:06:00,82
2016-12-06 05:06:06,83
2016-12-06 05:06:26,43
2016-12-06 05:06:31,42
2016-12-06 05:06:43,43
2016-12-06 05:06:48,44
2016-12-06 05:06:53,43
2016-12-06 05:06:54,44
2016-12-06 05:07:04,44
2016-12-06 05:07:09,44
2016-12-06 05:07:15,44
2016-12-06 05:07:18,44
2016-12-06 05:07:24,43
2016-12-06 05:07:29,43
2016-12-06 05:07:34,41
2016-12-06 05:07:38,42
2016-12-06 05:07:44,42
2016-12-06 05:07:47,42
2016-12-06 05:07:55,42
2016-12-06 05:07:57,42
2016-12-06 05:08:03,43
2016-12-06 05:08:09,44
2016-12-06 05:08:13,44
2016-12-06 05:08:18,44
2016-12-06 05:08:24,44
2016-12-06 05:08:31,44
2016-12-06 05:08:35,43
2016-12-06 05:08:42,43
2016-12-06 05:08:45,43
2016-12-06 05:08:50,43
2016-12-06 05:08:55,43
2016-12-06 05:09:05,43
2016-12-06 05:09:07,43
2016-12-06 05:09:12,44
2016-12-06 05:09:18,43
2016-12-06 05:09:24,43
2016-12-06 05:09:29,43
2016-12-06 05:09:34,43
2016-12-06 05:09:39,43
2016-12-06 05:09:44,43
2016-12-06 05:09:50,42
2016-12-06 05:09:56,43
2016-12-06 05:10:01,43
2016-12-06 05:10:06,43
2016-12-06 05:10:11,43
2016-12-06 05:10:16,48
2016-12-06 05:10:21,48
2016-12-06 05:10:29,77
2016-12-06 05:10:31,77
2016-12-06 05:10:45,48
2016-12-06 05:10:50,44
2016-12-06 05:10:55,43
2016-12-06 05:11:00,43
2016-12-06 05:11:05,43
2016-12-06 05:11:20,43
2016-12-06 05:11:25,43
2016-12-06 05:11:30,43
2016-12-06 05:11:35,42
2016-12-06 05:11:39,42
2016-12-06 05:11:45,42
2016-12-06 05:11:46,43
2016-12-06 05:11:51,44
2016-12-06 05:11:56,51
2016-12-06 05:12:01,55
2016-12-06 05:12:06,54
2016-12-06 05:12:11,54
2016-12-06 05:12:32,77
2016-12-06 05:12:36,77
2016-12-06 05:12:42,76
2016-12-06 05:12:43,76
2016-12-06 05:12:53,68
2016-12-06 05:12:54,67
2016-12-06 05:13:04,63
2016-12-06 05:13:06,61
2016-12-06 05:13:13,63
2016-12-06 05:13:15,62
2016-12-06 05:13:24,50
2016-12-06 05:13:29,50
2016-12-06 05:13:30,50
2016-12-06 05:13:35,54
2016-12-06 05:13:40,56
2016-12-06 05:13:49,56
2016-12-06 05:13:53,57
2016-12-06 05:13:56,59
2016-12-06 05:14:04,60
2016-12-06 05:14:06,60
2016-12-06 05:14:15,67
2016-12-06 05:14:19,71
2016-12-06 05:14:24,68
2016-12-06 05:14:29,54
2016-12-06 05:14:38,53
2016-12-06 05:14:40,53
2016-12-06 05:14:48,53
2016-12-06 05:14:54,53
2016-12-06 05:14:58,53
2016-12-06 05:15:01,53
2016-12-06 05:15:07,61
2016-12-06 05:15:12,50
2016-12-06 05:15:22,46
2016-12-06 05:15:27,47
2016-12-06 05:15:30,47
2016-12-06 05:15:37,50
2016-12-06 05:15:42,49
2016-12-06 05:15:44,49
2016-12-06 05:15:53,48
2016-12-06 05:15:57,48
2016-12-06 05:16:01,48
2016-12-06 05:16:09,47
2016-12-06 05:16:10,47
2016-12-06 05:16:15,50
2016-12-06 05:16:24,47
2016-12-06 05:16:29,45
2016-12-06 05:16:31,44
2016-12-06 05:16:38,45
2016-12-06 05:16:43,47
2016-12-06 05:16:45,48
2016-12-06 05:16:50,53
2016-12-06 05:16:59,50
2016-12-06 05:17:01,50
2016-12-06 05:17:09,57
2016-12-06 05:17:12,56
2016-12-06 05:17:17,53
2016-12-06 05:17:21,54
2016-12-06 05:17:26,54
2016-12-06 05:17:31,55
2016-12-06 05:17:41,55
2016-12-06 05:17:43,56
2016-12-06 05:17:47,56
2016-12-06 05:17:55,57
2016-12-06 05:17:57,57
2016-12-06 05:18:07,87
2016-12-06 05:18:10,87
2016-12-06 05:18:13,87
2016-12-06 05:18:19,87
2016-12-06 05:18:24,87
2016-12-06 05:18:33,87
2016-12-06 05:18:34,87
2016-12-06 05:18:43,87
2016-12-06 05:18:44,87
2016-12-06 05:18:53,77
2016-12-06 05:18:59,77
2016-12-06 05:19:00,77
2016-12-06 05:19:05,77
2016-12-06 05:19:14,90
2016-12-06 05:19:15,90
2016-12-06 05:19:24,91
2016-12-06 05:19:25,91
2016-12-06 05:19:34,92
2016-12-06 05:19:35,92
2016-12-06 05:19:42,92
2016-12-06 05:19:48,94
2016-12-06 05:19:55,94
2016-12-06 05:19:56,94
2016-12-06 05:20:02,92
2016-12-06 05:20:09,77
2016-12-06 05:20:12,77
2016-12-06 05:21:37,70
2016-12-06 05:21:44,78
2016-12-06 05:21:49,68
2016-12-06 05:21:54,65
2016-12-06 05:21:59,63
2016-12-06 05:22:01,62
2016-12-06 05:22:10,62
2016-12-06 05:22:13,62
2016-12-06 05:22:19,57
2016-12-06 05:22:28,62
2016-12-06 05:22:32,62
2016-12-06 05:22:34,62
2016-12-06 05:22:48,62
2016-12-06 05:22:51,63
2016-12-06 05:23:00,63
2016-12-06 05:23:01,64
2016-12-06 05:23:06,63
2016-12-06 05:23:15,68
2016-12-06 05:23:18,71
2016-12-06 05:23:23,69
2016-12-06 05:23:31,72
2016-12-06 05:23:33,71
2016-12-06 05:23:41,69
2016-12-06 05:23:44,69
2016-12-06 05:23:48,71
2016-12-06 05:23:58,69
2016-12-06 05:23:59,69
2016-12-06 05:24:08,69
2016-12-06 05:24:09,69
2016-12-06 05:24:18,59
2016-12-06 05:24:21,59
2016-12-06 05:24:29,62
2016-12-06 05:24:33,69
2016-12-06 05:24:36,69
2016-12-06 05:24:41,69
2016-12-06 05:24:50,50
2016-12-06 05:24:55,50
2016-12-06 05:24:57,50
2016-12-06 05:25:05,50
2016-12-06 05:25:10,49
2016-12-06 05:25:15,50
2016-12-06 05:25:20,51
2016-12-06 05:25:25,50
2016-12-06 05:25:29,50
2016-12-06 05:25:32,50
2016-12-06 05:25:41,49
2016-12-06 05:25:46,50
2016-12-06 05:25:48,50
2016-12-06 05:25:53,50
2016-12-06 05:25:58,50
2016-12-06 05:26:03,49
2016-12-06 05:26:08,48
2016-12-06 05:26:14,49
2016-12-06 05:26:19,49
2016-12-06 05:26:26,50
2016-12-06 05:26:29,50
2016-12-06 05:26:35,55
2016-12-06 05:26:41,50
2016-12-06 05:26:45,49
2016-12-06 05:26:51,49
2016-12-06 05:26:57,49
2016-12-06 05:27:00,49
2016-12-06 05:27:05,50
2016-12-06 05:27:11,52
2016-12-06 05:27:20,60
2016-12-06 05:27:22,60
2016-12-06 05:27:32,49
2016-12-06 05:27:37,46
2016-12-06 05:27:44,45
2016-12-06 05:27:49,45
2016-12-06 05:27:53,44
2016-12-06 05:27:58,44
2016-12-06 05:28:02,44
2016-12-06 05:28:05,44
2016-12-06 05:28:10,44
2016-12-06 05:28:18,44
2016-12-06 05:28:23,44
2016-12-06 05:28:30,44
2016-12-06 05:28:32,44
2016-12-06 05:28:38,46
2016-12-06 05:28:43,47
2016-12-06 05:28:48,49
2016-12-06 05:28:54,54
2016-12-06 05:29:04,49
2016-12-06 05:29:07,47
2016-12-06 05:29:11,48
2016-12-06 05:29:18,49
2016-12-06 05:29:23,46
2016-12-06 05:29:29,45
2016-12-06 05:29:34,45
2016-12-06 05:29:38,45
2016-12-06 05:29:44,45
2016-12-06 05:29:47,45
2016-12-06 05:29:52,45
2016-12-06 05:29:57,49
2016-12-06 05:30:04,48
2016-12-06 05:30:09,49
2016-12-06 05:30:14,49
2016-12-06 05:30:19,57
2016-12-06 05:30:27,68
2016-12-06 05:30:29,68
2016-12-06 05:30:39,69
2016-12-06 05:30:40,69
2016-12-06 05:30:45,69
2016-12-06 05:30:55,58
2016-12-06 05:30:56,58
2016-12-06 05:31:06,72
2016-12-06 05:31:07,71
2016-12-06 05:31:12,72
2016-12-06 05:31:17,72
2016-12-06 05:31:27,45
2016-12-06 05:31:32,44
2016-12-06 05:31:37,44
2016-12-06 05:31:43,44
2016-12-06 05:31:49,45
2016-12-06 05:31:55,45
2016-12-06 05:32:00,45
2016-12-06 05:32:02,45
2016-12-06 05:32:06,46
2016-12-06 05:32:17,47
2016-12-06 05:32:21,46
2016-12-06 05:32:24,46
2016-12-06 05:32:32,45
2016-12-06 05:32:34,45
2016-12-06 05:32:39,45
2016-12-06 05:32:49,45
2016-12-06 05:32:55,45
2016-12-06 05:33:00,45
2016-12-06 05:33:04,44
2016-12-06 05:33:07,44
2016-12-06 05:33:12,44
2016-12-06 05:33:17,44
2016-12-06 05:33:22,44
2016-12-06 05:33:30,50
2016-12-06 05:33:36,52
2016-12-06 05:33:42,50
2016-12-06 05:33:46,50
2016-12-06 05:33:48,50
2016-12-06 05:33:58,50
2016-12-06 05:33:59,50
2016-12-06 05:34:07,50
2016-12-06 05:34:10,50
2016-12-06 05:34:18,48
2016-12-06 05:34:23,48
2016-12-06 05:34:25,48
2016-12-06 05:34:30,49
2016-12-06 05:34:35,49
2016-12-06 05:34:41,50
2016-12-06 05:34:46,49
2016-12-06 05:34:54,47
2016-12-06 05:34:56,46
2016-12-06 05:35:01,47
2016-12-06 05:35:06,48
2016-12-06 05:35:11,48
2016-12-06 05:35:18,54
2016-12-06 05:35:26,60
2016-12-06 05:35:29,59
2016-12-06 05:35:33,59
2016-12-06 05:35:40,59
2016-12-06 05:35:47,67
2016-12-06 05:35:50,68
2016-12-06 05:35:53,69
2016-12-06 05:35:59,68
2016-12-06 05:36:08,52
2016-12-06 05:36:13,54
2016-12-06 05:36:15,54
2016-12-06 05:36:19,55
2016-12-06 05:36:24,55
2016-12-06 05:36:31,55
2016-12-06 05:36:39,55
2016-12-06 05:36:41,55
2016-12-06 05:36:50,56
2016-12-06 05:36:53,53
2016-12-06 05:37:00,49
2016-12-06 05:37:01,48
2016-12-06 05:37:06,48
2016-12-06 05:37:12,48
2016-12-06 05:37:18,48
2016-12-06 05:37:24,49
2016-12-06 05:37:31,48
2016-12-06 05:37:38,49
2016-12-06 05:37:42,49
2016-12-06 05:37:44,49
2016-12-06 05:37:53,49
2016-12-06 05:37:58,52
2016-12-06 05:37:59,52
2016-12-06 05:38:04,53
2016-12-06 05:38:09,54
2016-12-06 05:38:18,54
2016-12-06 05:38:23,64
2016-12-06 05:38:28,63
2016-12-06 05:38:33,61
2016-12-06 05:38:34,61
2016-12-06 05:38:43,56
2016-12-06 05:38:44,56
2016-12-06 05:38:52,56
2016-12-06 05:38:55,56
2016-12-06 05:39:05,52
2016-12-06 05:39:06,51
2016-12-06 05:39:12,51
2016-12-06 05:39:21,54
2016-12-06 05:39:26,54
2016-12-06 05:39:28,54
2016-12-06 05:39:33,54
2016-12-06 05:39:38,54
2016-12-06 05:39:48,52
2016-12-06 05:39:54,55
2016-12-06 05:39:56,56
2016-12-06 05:40:05,52
2016-12-06 05:40:08,50
2016-12-06 05:40:12,50
2016-12-06 05:40:21,49
2016-12-06 05:40:26,48
2016-12-06 05:40:31,49
2016-12-06 05:40:32,49
2016-12-06 05:40:37,50
2016-12-06 05:40:43,50
2016-12-06 05:40:51,49
2016-12-06 05:40:55,49
2016-12-06 05:41:01,48
2016-12-06 05:41:03,49
2016-12-06 05:41:08,49
2016-12-06 05:41:13,49
2016-12-06 05:41:18,49
2016-12-06 05:41:28,65
2016-12-06 05:41:30,64
2016-12-06 05:41:40,61
2016-12-06 05:41:42,63
2016-12-06 05:41:48,57
2016-12-06 05:41:56,50
2016-12-06 05:41:58,50
2016-12-06 05:42:04,49
2016-12-06 05:42:11,47
2016-12-06 05:42:15,48
2016-12-06 05:42:20,48
2016-12-06 05:42:26,49
2016-12-06 05:42:32,49
2016-12-06 05:42:37,50
2016-12-06 05:42:42,51
2016-12-06 05:42:51,56
2016-12-06 05:42:55,59
2016-12-06 05:42:58,61
2016-12-06 05:43:04,60
2016-12-06 05:43:11,68
2016-12-06 05:43:16,69
2016-12-06 05:43:19,69
2016-12-06 05:43:24,71
2016-12-06 05:43:27,71
2016-12-06 05:43:32,72
2016-12-06 05:43:37,73
2016-12-06 05:43:47,61
2016-12-06 05:43:49,61
2016-12-06 05:43:57,57
2016-12-06 05:44:01,57
2016-12-06 05:44:06,57
2016-12-06 05:44:08,57
2016-12-06 05:44:13,59
2016-12-06 05:44:19,49
2016-12-06 05:44:28,49
2016-12-06 05:44:29,49
2016-12-06 05:44:38,45
2016-12-06 05:44:43,45
2016-12-06 05:44:47,45
2016-12-06 05:44:51,45
2016-12-06 05:44:55,45
2016-12-06 05:45:02,45
2016-12-06 05:45:06,45
2016-12-06 05:45:16,52
2016-12-06 05:45:19,51
2016-12-06 05:45:22,51
2016-12-06 05:45:27,51
2016-12-06 05:45:33,51
2016-12-06 05:45:41,45
2016-12-06 05:45:46,45
2016-12-06 05:45:50,46
2016-12-06 05:45:56,46
2016-12-06 05:46:04,46
2016-12-06 05:46:05,46
2016-12-06 05:46:10,46
2016-12-06 05:46:15,48
2016-12-06 05:46:24,45
2016-12-06 05:46:29,44
2016-12-06 05:46:33,44
2016-12-06 05:46:35,44
2016-12-06 05:46:40,44
2016-12-06 05:46:45,44
2016-12-06 05:46:52,43
2016-12-06 05:46:56,43
2016-12-06 05:47:01,43
2016-12-06 05:47:06,46
2016-12-06 05:47:13,46
2016-12-06 05:47:20,44
2016-12-06 05:47:21,44
2016-12-06 05:47:26,44
2016-12-06 05:47:31,44
2016-12-06 05:47:39,48
2016-12-06 05:47:45,45
2016-12-06 05:47:49,44
2016-12-06 05:47:51,45
2016-12-06 05:47:56,45
2016-12-06 05:48:02,46
2016-12-06 05:48:06,47
2016-12-06 05:48:11,47
2016-12-06 05:48:16,48
2016-12-06 05:48:21,47
2016-12-06 05:48:28,46
2016-12-06 05:48:35,45
2016-12-06 05:48:39,45
2016-12-06 05:48:43,45
2016-12-06 05:48:47,45
2016-12-06 05:48:52,48
2016-12-06 05:48:57,50
2016-12-06 05:49:03,50
2016-12-06 05:49:12,69
2016-12-06 05:49:14,68
2016-12-06 05:49:22,62
2016-12-06 05:49:28,69
2016-12-06 05:49:29,71
2016-12-06 05:49:34,63
2016-12-06 05:49:40,57
2016-12-06 05:49:45,62
2016-12-06 05:49:54,49
2016-12-06 05:49:59,47
2016-12-06 05:50:05,45
2016-12-06 05:50:09,47
2016-12-06 05:50:11,47
2016-12-06 05:50:20,46
2016-12-06 05:50:25,47
2016-12-06 05:50:29,50
2016-12-06 05:50:36,50
2016-12-06 05:50:40,49
2016-12-06 05:50:45,49
2016-12-06 05:50:48,50
2016-12-06 05:50:52,50
2016-12-06 05:50:57,50
2016-12-06 05:51:02,50
2016-12-06 05:51:07,50
2016-12-06 05:51:13,54
2016-12-06 05:51:21,54
2016-12-06 05:51:26,50
2016-12-06 05:51:27,50
2016-12-06 05:51:36,48
2016-12-06 05:51:40,48
2016-12-06 05:51:46,47
2016-12-06 05:51:48,46
2016-12-06 05:51:54,44
2016-12-06 05:51:59,43
2016-12-06 05:52:04,43
2016-12-06 05:52:10,43
2016-12-06 05:52:15,45
2016-12-06 05:52:21,47
2016-12-06 05:52:25,46
2016-12-06 05:52:30,46
2016-12-06 05:52:39,62
2016-12-06 05:52:42,63
2016-12-06 05:52:45,62
2016-12-06 05:52:51,53
2016-12-06 05:52:59,46
2016-12-06 05:53:06,44
2016-12-06 05:53:08,43
2016-12-06 05:53:16,45
2016-12-06 05:53:21,44
2016-12-06 05:53:26,43
2016-12-06 05:53:32,41
2016-12-06 05:53:33,41
2016-12-06 05:53:38,42
2016-12-06 05:53:48,42
2016-12-06 05:53:53,43
2016-12-06 05:53:58,43
2016-12-06 05:54:03,43
2016-12-06 05:54:08,43
2016-12-06 05:54:13,43
2016-12-06 05:54:17,43
2016-12-06 05:54:20,43
2016-12-06 05:54:24,43
2016-12-06 05:54:30,43
2016-12-06 05:54:39,43
2016-12-06 05:54:40,43
2016-12-06 05:54:45,43
2016-12-06 05:54:53,42
2016-12-06 05:54:55,42
2016-12-06 05:55:00,42
2016-12-06 05:55:05,43
2016-12-06 05:55:10,49
2016-12-06 05:55:15,50
2016-12-06 05:55:21,58
2016-12-06 05:55:30,61
2016-12-06 05:55:35,68
2016-12-06 05:55:37,68
2016-12-06 05:55:41,65
2016-12-06 05:55:51,48
2016-12-06 05:55:56,52
2016-12-06 05:56:01,53
2016-12-06 05:56:06,59
2016-12-06 05:56:07,60
2016-12-06 05:56:12,62
2016-12-06 05:56:20,69
2016-12-06 05:56:22,69
2016-12-06 05:56:33,74
2016-12-06 05:56:34,74
2016-12-06 05:56:43,72
2016-12-06 05:56:48,72
2016-12-06 05:56:49,72
2016-12-06 05:56:59,69
2016-12-06 05:57:05,69
2016-12-06 05:57:06,69
2016-12-06 05:57:17,69
2016-12-06 06:40:45,77
2016-12-06 06:40:46,77
2016-12-06 06:41:00,77
2016-12-06 06:41:06,77
2016-12-06 06:41:12,80
2016-12-06 06:41:17,80
2016-12-06 06:41:18,80
2016-12-06 06:41:24,77
2016-12-06 06:41:32,80
2016-12-06 06:41:39,78
2016-12-06 06:41:44,78
2016-12-06 06:41:47,78
2016-12-06 06:41:50,78
2016-12-06 06:41:58,78
2016-12-06 06:42:00,78
2016-12-06 06:42:08,83
2016-12-06 06:42:10,83
2016-12-06 06:42:15,83
2016-12-06 06:42:24,85
2016-12-06 06:42:28,86
2016-12-06 06:42:34,86
2016-12-06 06:42:35,86
2016-12-06 06:42:46,87
2016-12-06 06:42:52,91
2016-12-06 06:43:02,91
2016-12-06 06:43:09,91
2016-12-06 06:43:12,92
2016-12-06 06:43:16,92
2016-12-06 06:43:21,92
2016-12-06 06:43:30,99
2016-12-06 06:43:31,99
2016-12-06 06:43:41,100
2016-12-06 06:43:49,98
2016-12-06 06:43:55,99
2016-12-06 06:44:00,99
2016-12-06 06:44:05,100
2016-12-06 06:44:06,100
2016-12-06 06:44:11,100
2016-12-06 06:44:16,96
2016-12-06 06:44:26,98
2016-12-06 06:44:30,99
2016-12-06 06:44:32,99
2016-12-06 06:44:42,98
2016-12-06 06:44:47,98
2016-12-06 06:44:49,98
2016-12-06 06:44:54,96
2016-12-06 06:45:04,92
2016-12-06 06:45:07,92
2016-12-06 06:45:13,91
2016-12-06 06:45:15,91
2016-12-06 06:45:20,91
2016-12-06 06:45:29,91
2016-12-06 06:45:34,91
2016-12-06 06:45:35,91
2016-12-06 06:45:44,90
2016-12-06 06:45:46,90
2016-12-06 06:45:52,89
2016-12-06 06:46:01,87
2016-12-06 06:46:06,89
2016-12-06 06:46:09,90
2016-12-06 06:46:15,90
2016-12-06 06:46:18,90
2016-12-06 06:46:27,100
2016-12-06 06:46:28,100
2016-12-06 06:46:37,105
2016-12-06 06:46:44,105
2016-12-06 06:46:45,105
2016-12-06 06:46:52,105
2016-12-06 06:46:55,105
2016-12-06 06:47:05,104
2016-12-06 06:47:14,98
2016-12-06 06:47:16,99
2016-12-06 06:47:24,96
2016-12-06 06:47:29,98
2016-12-06 06:47:30,98
2016-12-06 06:47:35,98
2016-12-06 06:47:43,102
2016-12-06 06:47:45,102
2016-12-06 06:47:53,96
2016-12-06 06:48:09,116
2016-12-06 06:48:14,92
2016-12-06 06:48:19,94
2016-12-06 06:48:20,94
2016-12-06 06:48:30,95
2016-12-06 06:48:36,95
2016-12-06 06:48:37,95
2016-12-06 06:48:42,95
2016-12-06 06:48:47,95
2016-12-06 06:48:56,103
2016-12-06 06:48:58,103
2016-12-06 06:49:04,102
2016-12-06 06:49:11,102
2016-12-06 06:49:17,101
2016-12-06 06:49:21,101
2016-12-06 06:49:27,96
2016-12-06 06:49:35,96
2016-12-06 06:49:44,96
2016-12-06 06:49:46,96
2016-12-06 06:49:51,91
2016-12-06 06:49:57,90
2016-12-06 06:50:06,91
2016-12-06 06:50:11,91
2016-12-06 06:50:12,91
2016-12-06 06:50:17,91
2016-12-06 06:50:22,92
2016-12-06 06:50:35,86
2016-12-06 06:50:37,86
2016-12-06 06:50:46,86
2016-12-06 06:50:47,86
2016-12-06 06:50:55,80
2016-12-06 06:50:57,80
2016-12-06 06:51:03,81
2016-12-06 06:51:13,83
2016-12-06 06:51:18,83
2016-12-06 06:51:20,83
2016-12-06 06:51:24,83
2016-12-06 06:51:29,83
2016-12-06 06:51:50,86
2016-12-06 06:52:04,96
2016-12-06 06:52:05,96
2016-12-06 06:52:10,96
2016-12-06 06:52:29,91
2016-12-06 06:52:30,91
2016-12-06 06:53:03,104
2016-12-06 06:53:24,63
2016-12-06 06:53:29,63
2016-12-06 06:53:36,63
2016-12-06 06:53:39,68
2016-12-06 06:53:43,68
2016-12-06 06:53:49,73
2016-12-06 06:53:57,73
2016-12-06 06:53:58,73
2016-12-06 06:54:03,73
2016-12-06 06:54:09,73
2016-12-06 06:54:20,64
2016-12-06 06:54:28,64
2016-12-06 06:54:33,63
2016-12-06 06:54:34,63
2016-12-06 06:54:49,67
2016-12-06 06:54:54,67
2016-12-06 06:54:57,77
2016-12-06 06:55:04,76
2016-12-06 06:55:06,76
2016-12-06 06:55:13,77
2016-12-06 06:55:37,74
2016-12-06 06:55:39,74
2016-12-06 06:55:43,73
2016-12-06 06:55:52,72
2016-12-06 06:55:54,73
2016-12-06 06:56:04,73
2016-12-06 06:56:05,73
2016-12-06 06:56:10,73
2016-12-06 06:56:16,73
2016-12-06 06:56:30,89
2016-12-06 06:56:36,90
2016-12-06 06:56:42,90
2016-12-06 06:56:47,87
2016-12-06 06:56:52,87
2016-12-06 06:56:53,87
2016-12-06 06:56:58,87
2016-12-06 06:57:09,87
2016-12-06 06:57:14,76
2016-12-06 06:57:23,78
2016-12-06 06:57:24,78
2016-12-06 06:57:33,59
2016-12-06 06:57:41,60
2016-12-06 06:57:48,69
2016-12-06 06:57:53,68
2016-12-06 06:57:59,67
2016-12-06 06:58:00,65
2016-12-06 06:58:15,74
2016-12-06 06:58:18,76
2016-12-06 06:58:21,76
2016-12-06 06:58:26,77
2016-12-06 06:58:35,83
2016-12-06 06:58:37,83
2016-12-06 06:58:46,85
2016-12-06 06:58:51,86
2016-12-06 06:58:56,86
2016-12-06 06:59:01,85
2016-12-06 06:59:03,86
2016-12-06 06:59:12,86
2016-12-06 06:59:15,86
2016-12-06 06:59:18,86
2016-12-06 06:59:23,86
2016-12-06 06:59:28,86
2016-12-06 06:59:33,86
2016-12-06 06:59:38,86
2016-12-06 06:59:59,81
2016-12-06 07:00:07,78
2016-12-06 07:00:12,78
2016-12-06 07:00:16,78
2016-12-06 07:00:23,78
2016-12-06 07:00:28,78
2016-12-06 07:00:33,78
2016-12-06 07:00:38,78
2016-12-06 07:00:39,78
2016-12-06 07:00:44,80
2016-12-06 07:00:49,80
2016-12-06 07:00:57,89
2016-12-06 07:00:59,89
2016-12-06 07:01:08,89
2016-12-06 07:01:10,89
2016-12-06 07:01:14,87
2016-12-06 07:01:19,86
2016-12-06 07:01:27,86
2016-12-06 07:01:29,86
2016-12-06 07:01:35,86
2016-12-06 07:01:49,69
2016-12-06 07:01:54,69
2016-12-06 07:01:59,69
2016-12-06 07:02:03,68
2016-12-06 07:02:05,68
2016-12-06 07:02:15,67
2016-12-06 07:02:19,63
2016-12-06 07:02:24,63
2016-12-06 07:02:31,61
2016-12-06 07:02:32,61
2016-12-06 07:02:37,61
2016-12-06 07:02:47,60
2016-12-06 07:02:49,59
2016-12-06 07:02:56,59
2016-12-06 07:03:02,59
2016-12-06 07:03:05,59
2016-12-06 07:03:08,59
2016-12-06 07:03:13,56
2016-12-06 07:03:23,59
2016-12-06 07:03:28,59
2016-12-06 07:03:30,59
2016-12-06 07:03:40,55
2016-12-06 07:03:45,55
2016-12-06 07:03:49,56
2016-12-06 07:03:51,57
2016-12-06 07:03:57,59
2016-12-06 07:04:02,58
2016-12-06 07:04:12,52
2016-12-06 07:04:17,51
2016-12-06 07:04:22,52
2016-12-06 07:04:27,53
2016-12-06 07:04:28,53
2016-12-06 07:04:37,54
2016-12-06 07:04:42,55
2016-12-06 07:04:43,55
2016-12-06 07:04:48,56
2016-12-06 07:04:58,57
2016-12-06 07:05:03,58
2016-12-06 07:05:06,59
2016-12-06 07:05:13,58
2016-12-06 07:05:17,58
2016-12-06 07:05:20,59
2016-12-06 07:05:31,62
2016-12-06 07:05:32,62
2016-12-06 07:05:37,67
2016-12-06 07:05:43,64
2016-12-06 07:05:50,64
2016-12-06 07:05:52,63
2016-12-06 07:06:00,63
2016-12-06 07:06:04,64
2016-12-06 07:06:11,63
2016-12-06 07:06:13,63
2016-12-06 07:06:23,63
2016-12-06 07:06:27,64
2016-12-06 07:06:32,64
2016-12-06 07:06:35,64
2016-12-06 07:06:41,65
2016-12-06 07:06:49,74
2016-12-06 07:06:55,74
2016-12-06 07:06:56,76
2016-12-06 07:07:02,77
2016-12-06 07:07:07,77
2016-12-06 07:07:12,77
2016-12-06 07:07:22,74
2016-12-06 07:07:23,73
2016-12-06 07:07:33,73
2016-12-06 07:07:34,73
2016-12-06 07:07:43,69
2016-12-06 07:07:49,68
2016-12-06 07:07:53,69
2016-12-06 07:07:55,69
2016-12-06 07:08:05,69
2016-12-06 07:08:09,71
2016-12-06 07:08:11,71
2016-12-06 07:08:17,73
2016-12-06 07:08:25,65
2016-12-06 07:08:29,65
2016-12-06 07:08:31,65
2016-12-06 07:08:37,67
2016-12-06 07:08:44,62
2016-12-06 07:08:50,61
2016-12-06 07:08:57,65
2016-12-06 07:09:00,65
2016-12-06 07:09:06,65
2016-12-06 07:09:09,62
2016-12-06 07:09:14,61
2016-12-06 07:09:20,60
2016-12-06 07:09:26,61
2016-12-06 07:09:36,63
2016-12-06 07:09:41,64
2016-12-06 07:09:42,64
2016-12-06 07:09:56,77
2016-12-06 07:09:58,77
2016-12-06 07:10:07,59
2016-12-06 07:10:12,60
2016-12-06 07:10:17,57
2016-12-06 07:10:20,58
2016-12-06 07:10:26,55
2016-12-06 07:10:28,56
2016-12-06 07:10:37,51
2016-12-06 07:10:40,51
2016-12-06 07:10:43,52
2016-12-06 07:10:48,52
2016-12-06 07:10:57,57
2016-12-06 07:10:59,58
2016-12-06 07:11:07,50
2016-12-06 07:11:08,50
2016-12-06 07:11:17,50
2016-12-06 07:11:22,51
2016-12-06 07:11:27,51
2016-12-06 07:11:31,51
2016-12-06 07:11:33,51
2016-12-06 07:11:42,51
2016-12-06 07:11:43,51
2016-12-06 07:11:49,52
2016-12-06 07:11:54,57
2016-12-06 07:11:59,57
2016-12-06 07:12:06,57
2016-12-06 07:12:09,56
2016-12-06 07:12:18,56
2016-12-06 07:12:23,58
2016-12-06 07:12:28,57
2016-12-06 07:12:31,57
2016-12-06 07:12:38,55
2016-12-06 07:12:39,55
2016-12-06 07:12:47,57
2016-12-06 07:12:49,57
2016-12-06 07:12:54,58
2016-12-06 07:12:59,57
2016-12-06 07:13:05,54
2016-12-06 07:13:16,55
2016-12-06 07:13:21,56
2016-12-06 07:13:25,56
2016-12-06 07:13:30,55
2016-12-06 07:13:37,55
2016-12-06 07:13:38,55
2016-12-06 07:13:44,57
2016-12-06 07:13:49,54
2016-12-06 07:13:58,54
2016-12-06 07:13:59,54
2016-12-06 07:14:04,53
2016-12-06 07:14:09,53
2016-12-06 07:14:15,50
2016-12-06 07:14:21,52
2016-12-06 07:14:27,51
2016-12-06 07:14:33,51
2016-12-06 07:14:40,56
2016-12-06 07:14:52,59
2016-12-06 07:14:57,58
2016-12-06 07:14:59,58
2016-12-06 07:15:07,58
2016-12-06 07:15:11,58
2016-12-06 07:15:17,55
2016-12-06 07:15:22,54
2016-12-06 07:15:27,54
2016-12-06 07:15:29,54
2016-12-06 07:15:35,54
2016-12-06 07:15:44,55
2016-12-06 07:15:46,55
2016-12-06 07:15:51,56
2016-12-06 07:15:58,59
2016-12-06 07:16:05,65
2016-12-06 07:16:06,65
2016-12-06 07:16:15,63
2016-12-06 07:16:18,62
2016-12-06 07:16:22,61
2016-12-06 07:16:26,62
2016-12-06 07:16:31,62
2016-12-06 07:16:36,62
2016-12-06 07:16:42,56
2016-12-06 07:16:55,68
2016-12-06 07:17:00,68
2016-12-06 07:17:10,67
2016-12-06 07:17:13,65
2016-12-06 07:17:18,65
2016-12-06 07:17:27,65
2016-12-06 07:17:37,68
2016-12-06 07:17:39,69
2016-12-06 07:17:45,69
2016-12-06 07:17:51,64
2016-12-06 07:17:58,63
2016-12-06 07:17:59,63
2016-12-06 07:18:06,65
2016-12-06 07:18:10,65
2016-12-06 07:18:19,68
2016-12-06 07:18:20,68
2016-12-06 07:18:25,65
2016-12-06 07:18:30,68
2016-12-06 07:18:46,56
2016-12-06 07:18:47,56
2016-12-06 07:18:56,58
2016-12-06 07:19:01,59
2016-12-06 07:19:03,59
2016-12-06 07:19:11,59
2016-12-06 07:19:15,60
2016-12-06 07:19:17,62
2016-12-06 07:19:26,58
2016-12-06 07:19:30,57
2016-12-06 07:19:32,57
2016-12-06 07:19:37,56
2016-12-06 07:19:52,53
2016-12-06 07:19:58,53
2016-12-06 07:19:59,53
2016-12-06 07:20:09,59
2016-12-06 07:20:11,59
2016-12-06 07:20:15,59
2016-12-06 07:20:20,59
2016-12-06 07:20:26,59
2016-12-06 07:20:36,61
2016-12-06 07:20:42,59
2016-12-06 07:20:47,59
2016-12-06 07:20:49,60
2016-12-06 07:20:54,59
2016-12-06 07:20:59,54
2016-12-06 07:21:05,59
2016-12-06 07:21:09,59
2016-12-06 07:21:17,58
2016-12-06 07:21:20,56
2016-12-06 07:21:26,55
2016-12-06 07:21:29,54
2016-12-06 07:21:38,54
2016-12-06 07:21:43,53
2016-12-06 07:21:48,53
2016-12-06 07:21:52,53
2016-12-06 07:21:55,53
2016-12-06 07:22:00,53
2016-12-06 07:22:09,54
2016-12-06 07:22:14,55
2016-12-06 07:22:20,55
2016-12-06 07:22:21,55
2016-12-06 07:22:31,57
2016-12-06 07:22:35,57
2016-12-06 07:22:42,59
2016-12-06 07:22:46,58
2016-12-06 07:22:51,58
2016-12-06 07:22:56,59
2016-12-06 07:23:03,62
2016-12-06 07:23:04,62
2016-12-06 07:23:12,62
2016-12-06 07:23:15,61
2016-12-06 07:23:21,61
2016-12-06 07:23:30,61
2016-12-06 07:23:31,61
2016-12-06 07:23:41,58
2016-12-06 07:23:42,58
2016-12-06 07:23:48,58
2016-12-06 07:23:55,57
2016-12-06 07:24:00,57
2016-12-06 07:24:04,57
2016-12-06 07:24:13,60
2016-12-06 07:24:18,60
2016-12-06 07:24:19,60
2016-12-06 07:24:24,61
2016-12-06 07:24:30,61
2016-12-06 07:24:40,55
2016-12-06 07:24:46,57
2016-12-06 07:24:52,56
2016-12-06 07:24:57,54
2016-12-06 07:24:58,54
2016-12-06 07:25:06,53
2016-12-06 07:25:08,53
2016-12-06 07:25:14,54
2016-12-06 07:25:28,72
2016-12-06 07:25:33,74
2016-12-06 07:25:34,74
2016-12-06 07:25:43,59
2016-12-06 07:25:48,58
2016-12-06 07:25:52,57
2016-12-06 07:25:58,57
2016-12-06 07:26:00,57
2016-12-06 07:26:07,54
2016-12-06 07:26:12,54
2016-12-06 07:26:15,54
2016-12-06 07:26:22,56
2016-12-06 07:26:25,57
2016-12-06 07:26:32,58
2016-12-06 07:26:38,58
2016-12-06 07:26:40,58
2016-12-06 07:26:45,56
2016-12-06 07:26:50,55
2016-12-06 07:26:57,55
2016-12-06 07:27:00,56
2016-12-06 07:27:05,56
2016-12-06 07:27:10,56
2016-12-06 07:27:15,56
2016-12-06 07:27:20,55
2016-12-06 07:27:25,57
2016-12-06 07:27:31,58
2016-12-06 07:27:42,55
2016-12-06 07:27:47,55
2016-12-06 07:27:48,55
2016-12-06 07:27:54,55
2016-12-06 07:27:59,55
2016-12-06 07:28:05,59
2016-12-06 07:28:10,58
2016-12-06 07:28:16,58
2016-12-06 07:28:23,53
2016-12-06 07:28:26,54
2016-12-06 07:28:32,59
2016-12-06 07:28:40,59
2016-12-06 07:28:43,59
2016-12-06 07:28:46,59
2016-12-06 07:28:52,62
2016-12-06 07:29:00,64
2016-12-06 07:29:01,64
2016-12-06 07:29:10,55
2016-12-06 07:29:15,54
2016-12-06 07:29:20,55
2016-12-06 07:29:21,55
2016-12-06 07:29:31,60
2016-12-06 07:29:35,56
2016-12-06 07:29:38,56
2016-12-06 07:29:47,62
2016-12-06 07:29:48,62
2016-12-06 07:29:57,65
2016-12-06 07:29:59,65
2016-12-06 07:30:04,64
2016-12-06 07:30:10,64
2016-12-06 07:30:15,64
2016-12-06 07:30:24,72
2016-12-06 07:30:26,71
2016-12-06 07:30:30,72
2016-12-06 07:30:41,78
2016-12-06 07:30:45,73
2016-12-06 07:30:49,73
2016-12-06 07:30:55,68
2016-12-06 07:30:58,68
2016-12-06 07:31:06,68
2016-12-06 07:31:07,68
2016-12-06 07:31:13,68
2016-12-06 07:31:22,68
2016-12-06 07:31:23,68
2016-12-06 07:31:31,68
2016-12-06 07:31:33,69
2016-12-06 07:31:40,69
2016-12-06 07:31:43,69
2016-12-06 07:31:49,69
2016-12-06 07:31:55,69
2016-12-06 07:31:59,71
2016-12-06 07:32:13,68
2016-12-06 07:32:14,68
2016-12-06 07:32:19,69
2016-12-06 07:32:24,69
2016-12-06 07:32:29,68
2016-12-06 07:32:37,69
2016-12-06 07:32:42,69
2016-12-06 07:32:45,69
2016-12-06 07:32:53,69
2016-12-06 07:32:57,69
2016-12-06 07:33:05,69
2016-12-06 07:33:07,69
2016-12-06 07:33:12,69
2016-12-06 07:33:17,69
2016-12-06 07:34:10,69
2016-12-06 07:34:17,60
2016-12-06 07:34:19,59
2016-12-06 07:34:28,59
2016-12-06 07:34:30,60
2016-12-06 07:34:35,63
2016-12-06 07:34:49,67
2016-12-06 07:34:52,67
2016-12-06 07:34:55,65
2016-12-06 07:35:04,60
2016-12-06 07:35:09,59
2016-12-06 07:35:10,60
2016-12-06 07:35:19,60
2016-12-06 07:35:24,59
2016-12-06 07:35:26,59
2016-12-06 07:35:34,56
2016-12-06 07:35:36,55
2016-12-06 07:35:42,57
2016-12-06 07:35:50,56
2016-12-06 07:35:52,56
2016-12-06 07:35:57,54
2016-12-06 07:36:04,54
2016-12-06 07:36:10,53
2016-12-06 07:36:12,52
2016-12-06 07:36:18,50
2016-12-06 07:36:23,50
2016-12-06 07:36:29,51
2016-12-06 07:36:34,52
2016-12-06 07:36:39,52
2016-12-06 07:36:45,50
2016-12-06 07:36:50,50
2016-12-06 07:36:55,50
2016-12-06 07:37:05,55
2016-12-06 07:37:11,55
2016-12-06 07:37:16,56
2016-12-06 07:37:17,56
2016-12-06 07:37:22,59
2016-12-06 07:37:29,62
2016-12-06 07:37:38,57
2016-12-06 07:37:41,58
2016-12-06 07:37:44,58
2016-12-06 07:37:49,58
2016-12-06 07:37:58,58
2016-12-06 07:38:03,57
2016-12-06 07:38:07,56
2016-12-06 07:38:13,56
2016-12-06 07:38:17,56
2016-12-06 07:38:19,55
2016-12-06 07:38:28,52
2016-12-06 07:38:30,52
2016-12-06 07:38:35,52
2016-12-06 07:38:44,52
2016-12-06 07:38:48,53
2016-12-06 07:38:50,53
2016-12-06 07:38:59,56
2016-12-06 07:39:03,59
2016-12-06 07:39:09,58
2016-12-06 07:39:10,58
2016-12-06 07:39:15,59
2016-12-06 07:39:20,59
2016-12-06 07:39:30,59
2016-12-06 07:39:32,59
2016-12-06 07:39:40,58
2016-12-06 07:39:42,57
2016-12-06 07:39:47,56
2016-12-06 07:39:53,58
2016-12-06 07:40:01,58
2016-12-06 07:40:03,59
2016-12-06 07:40:13,77
2016-12-06 07:40:18,73
2016-12-06 07:40:20,69
2016-12-06 07:40:27,71
2016-12-06 07:40:32,69
2016-12-06 07:40:39,62
2016-12-06 07:40:41,61
2016-12-06 07:40:51,59
2016-12-06 07:40:56,59
2016-12-06 07:40:57,59
2016-12-06 07:41:06,59
2016-12-06 07:41:07,59
2016-12-06 07:41:16,60
2016-12-06 07:41:21,61
2016-12-06 07:41:22,60
2016-12-06 07:41:28,59
2016-12-06 07:41:32,59
2016-12-06 07:41:42,52
2016-12-06 07:41:43,53
2016-12-06 07:41:53,53
2016-12-06 07:41:58,53
2016-12-06 07:42:04,52
2016-12-06 07:42:05,52
2016-12-06 07:42:11,53
2016-12-06 07:42:19,52
2016-12-06 07:42:22,52
2016-12-06 07:42:25,52
2016-12-06 07:42:30,52
2016-12-06 07:42:36,55
2016-12-06 07:42:42,54
2016-12-06 07:42:48,54
2016-12-06 07:42:57,59
2016-12-06 07:43:02,59
2016-12-06 07:43:03,59
2016-12-06 07:43:08,58
2016-12-06 07:43:18,58
2016-12-06 07:43:22,59
2016-12-06 07:43:26,58
2016-12-06 07:43:32,59
2016-12-06 07:43:36,58
2016-12-06 07:43:41,59
2016-12-06 07:43:49,59
2016-12-06 07:43:55,59
2016-12-06 07:43:59,59
2016-12-06 07:44:01,60
2016-12-06 07:44:08,67
2016-12-06 07:44:16,62
2016-12-06 07:44:17,61
2016-12-06 07:44:27,56
2016-12-06 07:44:32,57
2016-12-06 07:44:37,56
2016-12-06 07:44:38,56
2016-12-06 07:44:46,56
2016-12-06 07:44:48,56
2016-12-06 07:44:58,55
2016-12-06 07:44:59,54
2016-12-06 07:45:04,56
2016-12-06 07:45:13,62
2016-12-06 07:45:14,62
2016-12-06 07:45:20,56
2016-12-06 07:45:24,54
2016-12-06 07:45:34,56
2016-12-06 07:45:39,57
2016-12-06 07:45:45,57
2016-12-06 07:45:50,57
2016-12-06 07:45:55,57
2016-12-06 07:46:00,57
2016-12-06 07:46:05,56
2016-12-06 07:46:06,56
2016-12-06 07:46:15,56
2016-12-06 07:46:21,55
2016-12-06 07:46:25,55
2016-12-06 07:46:27,55
2016-12-06 07:46:34,55
2016-12-06 07:46:37,54
2016-12-06 07:46:42,55
2016-12-06 07:46:49,54
2016-12-06 07:46:52,54
2016-12-06 07:46:58,54
2016-12-06 07:47:03,54
2016-12-06 07:47:08,54
2016-12-06 07:47:14,61
2016-12-06 07:47:21,62
2016-12-06 07:47:28,72
2016-12-06 07:47:33,68
2016-12-06 07:47:34,68
2016-12-06 07:47:43,68
2016-12-06 07:47:48,65
2016-12-06 07:47:52,65
2016-12-06 07:47:59,60
2016-12-06 07:48:02,60
2016-12-06 07:48:06,60
2016-12-06 07:48:17,59
2016-12-06 07:48:22,58
2016-12-06 07:48:24,57
2016-12-06 07:48:33,54
2016-12-06 07:48:37,53
2016-12-06 07:48:43,54
2016-12-06 07:48:49,54
2016-12-06 07:48:54,55
2016-12-06 07:48:55,55
2016-12-06 07:49:00,55
2016-12-06 07:49:05,56
2016-12-06 07:49:14,59
2016-12-06 07:49:18,59
2016-12-06 07:49:20,59
2016-12-06 07:49:28,57
2016-12-06 07:49:35,56
2016-12-06 07:49:37,56
2016-12-06 07:49:41,55
2016-12-06 07:49:49,56
2016-12-06 07:49:55,55
2016-12-06 07:50:01,56
2016-12-06 07:50:02,56
2016-12-06 07:50:08,55
2016-12-06 07:50:13,56
2016-12-06 07:50:18,57
2016-12-06 07:50:28,58
2016-12-06 07:50:30,57
2016-12-06 07:50:41,58
2016-12-06 07:50:49,55
2016-12-06 07:50:56,57
2016-12-06 07:50:57,56
2016-12-06 07:51:07,54
2016-12-06 07:51:08,54
2016-12-06 07:51:16,53
2016-12-06 07:51:22,53
2016-12-06 07:51:24,53
2016-12-06 07:51:28,53
2016-12-06 07:51:33,59
2016-12-06 07:51:41,53
2016-12-06 07:51:43,54
2016-12-06 07:51:50,56
2016-12-06 07:51:53,56
2016-12-06 07:51:58,56
2016-12-06 07:52:07,55
2016-12-06 07:52:09,55
2016-12-06 07:52:14,57
2016-12-06 07:52:19,57
2016-12-06 07:52:24,57
2016-12-06 07:52:30,58
2016-12-06 07:52:35,62
2016-12-06 07:52:40,65
2016-12-06 07:52:45,67
2016-12-06 07:52:55,77
2016-12-06 07:52:56,77
2016-12-06 07:53:05,65
2016-12-06 07:53:10,63
2016-12-06 07:53:11,63
2016-12-06 07:53:16,59
2016-12-06 07:53:21,59
2016-12-06 07:53:31,61
2016-12-06 07:53:36,65
2016-12-06 07:53:38,65
2016-12-06 07:53:42,63
2016-12-06 07:53:48,61
2016-12-06 07:53:54,61
2016-12-06 07:53:58,60
2016-12-06 07:54:03,58
2016-12-06 07:54:12,56
2016-12-06 07:54:17,58
2016-12-06 07:54:20,58
2016-12-06 07:54:24,58
2016-12-06 07:54:28,58
2016-12-06 07:54:34,58
2016-12-06 07:54:38,58
2016-12-06 07:54:44,57
2016-12-06 07:54:53,58
2016-12-06 07:54:58,58
2016-12-06 07:54:59,59
2016-12-06 07:55:09,67
2016-12-06 07:55:12,68
2016-12-06 07:55:15,68
2016-12-06 07:55:22,68
2016-12-06 07:55:37,61
2016-12-06 07:55:41,61
2016-12-06 07:55:48,59
2016-12-06 07:55:55,59
2016-12-06 07:56:00,59
2016-12-06 07:56:02,58
2016-12-06 07:56:10,57
2016-12-06 07:56:13,57
2016-12-06 07:56:16,58
2016-12-06 07:56:25,58
2016-12-06 07:56:28,58
2016-12-06 07:56:31,58
2016-12-06 07:56:40,58
2016-12-06 07:56:43,58
2016-12-06 07:56:48,58
2016-12-06 07:56:57,58
2016-12-06 07:56:58,58
2016-12-06 07:57:09,57
2016-12-06 07:57:43,72
2016-12-06 07:57:50,69
2016-12-06 07:57:55,60
2016-12-06 07:58:01,61
2016-12-06 07:58:04,60
2016-12-06 07:58:11,62
2016-12-06 07:58:13,61
2016-12-06 07:58:20,68
2016-12-06 07:58:23,68
2016-12-06 07:58:33,56
2016-12-06 07:58:37,54
2016-12-06 07:58:39,54
2016-12-06 07:58:44,53
2016-12-06 07:58:50,54
2016-12-06 07:58:54,53
2016-12-06 07:58:59,55
2016-12-06 07:59:06,61
2016-12-06 07:59:13,61
2016-12-06 07:59:14,61
2016-12-06 07:59:20,58
2016-12-06 07:59:27,61
2016-12-06 07:59:30,60
2016-12-06 07:59:39,57
2016-12-06 07:59:40,56
2016-12-06 07:59:45,54
2016-12-06 07:59:51,54
2016-12-06 08:00:00,54
2016-12-06 08:00:05,54
2016-12-06 08:00:10,53
2016-12-06 08:00:15,53
2016-12-06 08:00:16,53
2016-12-06 08:00:30,53
2016-12-06 08:00:31,54
2016-12-06 08:00:40,53
2016-12-06 08:00:41,53
2016-12-06 08:00:46,53
2016-12-06 08:01:17,69
2016-12-06 08:01:27,58
2016-12-06 08:01:32,59
2016-12-06 08:01:38,54
2016-12-06 08:01:44,54
2016-12-06 08:01:45,55
2016-12-06 08:01:50,55
2016-12-06 08:01:59,54
2016-12-06 08:02:02,53
2016-12-06 08:02:09,52
2016-12-06 08:02:14,54
2016-12-06 08:02:19,53
2016-12-06 08:02:22,53
2016-12-06 08:02:25,52
2016-12-06 08:02:35,50
2016-12-06 08:02:36,50
2016-12-06 08:02:41,50
2016-12-06 08:02:46,51
2016-12-06 08:02:51,52
2016-12-06 08:03:00,59
2016-12-06 08:03:01,59
2016-12-06 08:03:10,59
2016-12-06 08:03:11,60
2016-12-06 08:03:16,59
2016-12-06 08:03:24,53
2016-12-06 08:03:30,51
2016-12-06 08:03:33,50
2016-12-06 08:03:36,50
2016-12-06 08:03:42,51
2016-12-06 08:03:56,53
2016-12-06 08:03:58,53
2016-12-06 08:04:06,57
2016-12-06 08:04:08,56
2016-12-06 08:04:17,56
2016-12-06 08:04:20,56
2016-12-06 08:04:24,55
2016-12-06 08:04:30,56
2016-12-06 08:04:44,68
2016-12-06 08:04:48,68
2016-12-06 08:04:54,67
2016-12-06 08:04:56,68
2016-12-06 08:05:07,68
2016-12-06 08:05:14,50
2016-12-06 08:05:25,52
2016-12-06 08:05:30,55
2016-12-06 08:05:36,55
2016-12-06 08:05:41,57
2016-12-06 08:05:42,56
2016-12-06 08:05:52,57
2016-12-06 08:05:57,51
2016-12-06 08:06:00,50
2016-12-06 08:06:03,50
2016-12-06 08:06:14,50
2016-12-06 08:06:19,50
2016-12-06 08:06:33,56
2016-12-06 08:06:34,56
2016-12-06 08:06:43,56
2016-12-06 08:06:47,55
2016-12-06 08:07:13,59
2016-12-06 08:07:21,62
2016-12-06 08:07:26,67
2016-12-06 08:07:27,67
2016-12-06 08:07:33,68
2016-12-06 08:07:38,67
2016-12-06 08:07:47,65
2016-12-06 08:08:03,76
2016-12-06 08:08:08,76
2016-12-06 08:08:15,76
2016-12-06 08:08:20,74
2016-12-06 08:08:25,74
2016-12-06 08:08:31,76
2016-12-06 08:08:40,78
2016-12-06 08:08:41,78
2016-12-06 08:09:07,54
2016-12-06 08:09:12,51
2016-12-06 08:09:17,50
2016-12-06 08:09:20,50
2016-12-06 08:09:33,56
2016-12-06 08:09:38,54
2016-12-06 08:09:44,51
2016-12-06 08:09:45,51
2016-12-06 08:09:51,50
2016-12-06 08:09:56,50
2016-12-06 08:10:03,50
2016-12-06 08:10:07,50
2016-12-06 08:10:12,50
2016-12-06 08:10:59,77
2016-12-06 08:11:05,65
2016-12-06 08:11:10,68
2016-12-06 08:11:14,65
2016-12-06 08:11:20,65
2016-12-06 08:11:23,65
2016-12-06 08:11:27,65
2016-12-06 08:11:32,64
2016-12-06 08:11:37,63
2016-12-06 08:11:42,51
2016-12-06 08:12:03,55
2016-12-06 08:12:08,62
2016-12-06 08:12:09,60
2016-12-06 08:12:19,53
2016-12-06 08:12:31,55
2016-12-06 08:12:32,59
2016-12-06 08:12:38,59
2016-12-06 08:12:45,49
2016-12-06 08:12:51,50
2016-12-06 08:12:58,55
2016-12-06 08:13:01,54
2016-12-06 08:13:04,57
2016-12-06 08:13:12,55
2016-12-06 08:13:14,56
2016-12-06 08:13:20,58
2016-12-06 08:13:29,58
2016-12-06 08:13:30,58
2016-12-06 08:13:40,65
2016-12-06 08:13:41,65
2016-12-06 08:13:46,65
2016-12-06 08:13:51,65
2016-12-06 08:14:01,59
2016-12-06 08:14:06,59
2016-12-06 08:14:07,59
2016-12-06 08:14:14,59
2016-12-06 08:14:20,60
2016-12-06 08:14:26,59
2016-12-06 08:14:29,59
2016-12-06 08:14:33,59
2016-12-06 08:14:43,59
2016-12-06 08:14:48,58
2016-12-06 08:14:49,56
2016-12-06 08:14:54,54
2016-12-06 08:15:03,61
2016-12-06 08:15:05,63
2016-12-06 08:15:09,62
2016-12-06 08:15:19,62
2016-12-06 08:15:24,61
2016-12-06 08:15:28,60
2016-12-06 08:15:30,60
2016-12-06 08:15:37,60
2016-12-06 08:15:40,59
2016-12-06 08:15:45,59
2016-12-06 08:15:54,59
2016-12-06 08:15:59,59
2016-12-06 08:16:00,59
2016-12-06 08:16:09,65
2016-12-06 08:16:21,65
2016-12-06 08:16:22,65
2016-12-06 08:16:32,65
2016-12-06 08:16:36,68
2016-12-06 08:16:41,68
2016-12-06 08:16:48,73
2016-12-06 08:16:53,71
2016-12-06 08:16:54,69
2016-12-06 08:17:02,72
2016-12-06 08:17:09,73
2016-12-06 08:17:11,73
2016-12-06 08:17:20,73
2016-12-06 08:17:26,73
2016-12-06 08:17:27,73
2016-12-06 08:17:37,74
2016-12-06 08:17:39,74
2016-12-06 08:17:43,74
2016-12-06 08:17:57,76
2016-12-06 08:17:59,77
2016-12-06 08:18:08,80
2016-12-06 08:18:10,80
2016-12-06 08:18:16,80
2016-12-06 08:19:08,90
2016-12-06 08:19:14,87
2016-12-06 08:19:19,86
2016-12-06 08:19:24,83
2016-12-06 08:19:59,60
2016-12-06 08:20:01,60
2016-12-06 08:20:06,59
2016-12-06 08:20:14,59
2016-12-06 08:20:24,59
2016-12-06 08:20:32,67
2016-12-06 08:20:37,67
2016-12-06 08:20:42,65
2016-12-06 08:20:44,65
2016-12-06 08:20:49,65
2016-12-06 08:20:54,64
2016-12-06 08:21:01,62
2016-12-06 08:21:04,62
2016-12-06 08:21:09,62
2016-12-06 08:21:14,64
2016-12-06 08:21:19,65
2016-12-06 08:21:24,65
2016-12-06 08:21:32,72
2016-12-06 08:21:40,74
2016-12-06 08:21:45,74
2016-12-06 08:21:51,73
2016-12-06 08:21:53,74
2016-12-06 08:22:11,49
2016-12-06 08:22:19,50
2016-12-06 08:22:20,50
2016-12-06 08:22:27,50
2016-12-06 08:22:30,50
2016-12-06 08:22:45,51
2016-12-06 08:22:46,51
2016-12-06 08:23:28,81
2016-12-06 08:23:30,81
2016-12-06 08:24:13,63
2016-12-06 08:24:14,62
2016-12-06 08:24:24,57
2016-12-06 08:24:30,50
2016-12-06 08:24:32,50
2016-12-06 08:24:39,55
2016-12-06 08:24:45,52
2016-12-06 08:24:46,52
2016-12-06 08:24:51,51
2016-12-06 08:24:56,45
2016-12-06 08:25:04,50
2016-12-06 08:25:10,52
2016-12-06 08:25:11,52
2016-12-06 08:25:16,53
2016-12-06 08:25:21,53
2016-12-06 08:25:30,53
2016-12-06 08:25:35,51
2016-12-06 08:25:40,50
2016-12-06 08:25:45,50
2016-12-06 08:25:47,50
2016-12-06 08:25:57,50
2016-12-06 08:26:01,50
2016-12-06 08:26:04,50
2016-12-06 08:26:11,50
2016-12-06 08:26:16,50
2016-12-06 08:26:21,50
2016-12-06 08:26:30,52
2016-12-06 08:26:32,53
2016-12-06 08:26:37,54
2016-12-06 08:26:42,55
2016-12-06 08:26:54,55
2016-12-06 08:27:00,55
2016-12-06 08:27:06,56
2016-12-06 08:27:11,58
2016-12-06 08:27:17,59
2016-12-06 08:27:28,59
2016-12-06 08:27:32,59
2016-12-06 08:27:38,58
2016-12-06 08:27:45,57
2016-12-06 08:27:50,55
2016-12-06 08:27:53,55
2016-12-06 08:27:56,55
2016-12-06 08:28:04,55
2016-12-06 08:28:08,56
2016-12-06 08:28:14,59
2016-12-06 08:28:21,55
2016-12-06 08:28:24,54
2016-12-06 08:28:27,53
2016-12-06 08:28:32,54
2016-12-06 08:28:42,54
2016-12-06 08:28:45,54
2016-12-06 08:28:52,54
2016-12-06 08:28:56,54
2016-12-06 08:29:01,53
2016-12-06 08:29:04,53
2016-12-06 08:29:14,52
2016-12-06 08:29:19,53
2016-12-06 08:29:20,53
2016-12-06 08:29:30,52
2016-12-06 08:29:32,51
2016-12-06 08:29:41,52
2016-12-06 08:29:42,52
2016-12-06 08:29:51,52
2016-12-06 08:29:57,53
2016-12-06 08:30:02,53
2016-12-06 08:30:06,53
2016-12-06 08:30:10,53
2016-12-06 08:30:16,52
2016-12-06 08:30:25,50
2016-12-06 08:30:27,50
2016-12-06 08:30:32,51
2016-12-06 08:30:42,53
2016-12-06 08:30:44,53
2016-12-06 08:30:49,53
2016-12-06 08:30:54,53
2016-12-06 08:30:59,54
2016-12-06 08:31:05,63
2016-12-06 08:31:19,77
2016-12-06 08:31:24,67
2016-12-06 08:31:25,65
2016-12-06 08:31:31,61
2016-12-06 08:31:40,59
2016-12-06 08:31:55,60
2016-12-06 08:32:02,63
2016-12-06 08:32:03,64
2016-12-06 08:32:10,63
2016-12-06 08:32:17,57
2016-12-06 08:32:22,54
2016-12-06 08:32:23,54
2016-12-06 08:32:28,54
2016-12-06 08:32:33,56
2016-12-06 08:32:43,54
2016-12-06 08:32:44,54
2016-12-06 08:32:50,54
2016-12-06 08:32:58,54
2016-12-06 08:33:01,54
2016-12-06 08:33:06,54
2016-12-06 08:33:15,54
2016-12-06 08:33:16,54
2016-12-06 08:33:22,53
2016-12-06 08:33:29,54
2016-12-06 08:33:46,55
2016-12-06 08:33:47,55
2016-12-06 08:33:56,67
2016-12-06 08:34:01,65
2016-12-06 08:34:03,65
2016-12-06 08:34:13,52
2016-12-06 08:34:18,53
2016-12-06 08:34:23,53
2016-12-06 08:34:25,53
2016-12-06 08:34:29,53
2016-12-06 08:34:38,56
2016-12-06 08:34:41,57
2016-12-06 08:34:49,57
2016-12-06 08:34:50,57
2016-12-06 08:34:55,57
2016-12-06 08:35:03,57
2016-12-06 08:35:08,52
2016-12-06 08:35:10,52
2016-12-06 08:35:15,57
2016-12-06 08:35:24,59
2016-12-06 08:35:26,59
2016-12-06 08:35:35,59
2016-12-06 08:35:37,56
2016-12-06 08:35:46,58
2016-12-06 08:35:50,57
2016-12-06 08:35:56,57
2016-12-06 08:36:01,60
2016-12-06 08:36:05,60
2016-12-06 08:36:07,60
2016-12-06 08:36:15,65
2016-12-06 08:36:19,64
2016-12-06 08:36:25,57
2016-12-06 08:36:27,57
2016-12-06 08:36:36,56
2016-12-06 08:36:40,56
2016-12-06 08:36:42,56
2016-12-06 08:36:47,56
2016-12-06 08:36:52,56
2016-12-06 08:36:57,56
2016-12-06 08:37:02,54
2016-12-06 08:37:11,56
2016-12-06 08:37:16,59
2016-12-06 08:37:21,60
2016-12-06 08:37:24,61
2016-12-06 08:37:30,60
2016-12-06 08:37:42,62
2016-12-06 08:37:43,62
2016-12-06 08:37:49,65
2016-12-06 08:37:54,69
2016-12-06 08:38:00,69
2016-12-06 08:38:09,60
2016-12-06 08:38:11,60
2016-12-06 08:38:20,61
2016-12-06 08:38:26,58
2016-12-06 08:38:32,58
2016-12-06 08:38:37,58
2016-12-06 08:38:44,58
2016-12-06 08:38:51,57
2016-12-06 08:38:56,56
2016-12-06 08:38:57,55
2016-12-06 08:39:08,54
2016-12-06 08:39:13,56
2016-12-06 08:39:17,58
2016-12-06 08:39:23,59
2016-12-06 08:39:28,58
2016-12-06 08:39:33,58
2016-12-06 08:39:34,58
2016-12-06 08:39:42,58
2016-12-06 08:39:44,58
2016-12-06 08:39:50,59
2016-12-06 08:39:55,58
2016-12-06 08:40:00,58
2016-12-06 08:40:06,57
2016-12-06 08:40:15,58
2016-12-06 08:40:17,58
2016-12-06 08:40:22,58
2016-12-06 08:40:31,58
2016-12-06 08:40:32,58
2016-12-06 08:40:38,59
2016-12-06 08:40:45,59
2016-12-06 08:40:51,57
2016-12-06 08:40:52,57
2016-12-06 08:41:02,58
2016-12-06 08:41:08,57
2016-12-06 08:41:11,57
2016-12-06 08:41:18,58
2016-12-06 08:41:20,58
2016-12-06 08:41:24,58
2016-12-06 08:41:33,57
2016-12-06 08:41:38,58
2016-12-06 08:41:39,58
2016-12-06 08:41:44,62
2016-12-06 08:41:50,56
2016-12-06 08:41:56,56
2016-12-06 08:42:02,57
2016-12-06 08:42:04,57
2016-12-06 08:42:13,57
2016-12-06 08:42:14,56
2016-12-06 08:42:24,57
2016-12-06 08:42:26,59
2016-12-06 08:42:30,58
2016-12-06 08:42:39,59
2016-12-06 08:42:45,57
2016-12-06 08:42:49,57
2016-12-06 08:42:52,57
2016-12-06 08:43:01,57
2016-12-06 08:43:03,57
2016-12-06 08:43:12,57
2016-12-06 08:43:17,57
2016-12-06 08:43:21,58
2016-12-06 08:43:23,58
2016-12-06 08:43:31,59
2016-12-06 08:43:33,59
2016-12-06 08:43:38,59
2016-12-06 08:43:43,59
2016-12-06 08:43:52,59
2016-12-06 08:43:57,57
2016-12-06 08:44:00,57
2016-12-06 08:44:03,57
2016-12-06 08:44:08,56
2016-12-06 08:44:17,59
2016-12-06 08:44:19,59
2016-12-06 08:44:29,59
2016-12-06 08:44:33,59
2016-12-06 08:44:35,59
2016-12-06 08:44:40,59
2016-12-06 08:44:50,61
2016-12-06 08:44:53,62
2016-12-06 08:44:57,65
2016-12-06 08:45:02,67
2016-12-06 08:45:12,69
2016-12-06 08:45:16,67
2016-12-06 08:45:19,65
2016-12-06 08:45:27,65
2016-12-06 08:45:29,67
2016-12-06 08:45:36,68
2016-12-06 08:45:43,68
2016-12-06 08:45:44,68
2016-12-06 08:45:50,63
2016-12-06 08:45:54,61
2016-12-06 08:45:59,61
2016-12-06 08:46:14,51
2016-12-06 08:46:19,51
2016-12-06 08:46:24,52
2016-12-06 08:46:29,56
2016-12-06 08:46:46,55
2016-12-06 08:46:47,55
2016-12-06 08:46:52,55
2016-12-06 08:47:02,55
2016-12-06 08:47:08,55
2016-12-06 08:47:12,59
2016-12-06 08:47:15,58
2016-12-06 08:47:20,58
2016-12-06 08:47:31,58
2016-12-06 08:47:34,58
2016-12-06 08:47:41,56
2016-12-06 08:47:46,58
2016-12-06 08:47:47,59
2016-12-06 08:47:56,59
2016-12-06 08:47:57,59
2016-12-06 08:48:02,59
2016-12-06 08:48:08,58
2016-12-06 08:48:12,58
2016-12-06 08:48:22,57
2016-12-06 08:48:24,57
2016-12-06 08:48:32,56
2016-12-06 08:48:36,56
2016-12-06 08:48:44,63
2016-12-06 08:48:49,61
2016-12-06 08:48:54,59
2016-12-06 08:48:56,59
2016-12-06 08:49:00,59
2016-12-06 08:49:10,59
2016-12-06 08:49:11,59
2016-12-06 08:49:16,60
2016-12-06 08:49:25,62
2016-12-06 08:49:27,62
2016-12-06 08:49:32,62
2016-12-06 08:49:41,62
2016-12-06 08:49:46,64
2016-12-06 08:49:51,63
2016-12-06 08:49:52,63
2016-12-06 08:49:58,64
2016-12-06 08:50:03,63
2016-12-06 08:50:08,63
2016-12-06 08:50:15,65
2016-12-06 08:50:23,63
2016-12-06 08:50:27,63
2016-12-06 08:50:30,62
2016-12-06 08:50:38,63
2016-12-06 08:50:43,62
2016-12-06 08:50:44,62
2016-12-06 08:50:50,62
2016-12-06 08:50:55,61
2016-12-06 08:51:01,61
2016-12-06 08:51:10,64
2016-12-06 08:51:15,62
2016-12-06 08:51:20,63
2016-12-06 08:51:22,63
2016-12-06 08:51:29,63
2016-12-06 08:51:41,63
2016-12-06 08:51:43,62
2016-12-06 08:51:47,62
2016-12-06 08:51:57,62
2016-12-06 08:52:02,61
2016-12-06 08:52:03,62
2016-12-06 08:52:13,59
2016-12-06 08:52:17,59
2016-12-06 08:52:25,60
2016-12-06 08:52:29,60
2016-12-06 08:52:36,60
2016-12-06 08:52:40,61
2016-12-06 08:52:43,60
2016-12-06 08:52:47,60
2016-12-06 08:52:52,55
2016-12-06 08:52:57,56
2016-12-06 08:53:06,57
2016-12-06 08:53:09,57
2016-12-06 08:53:12,56
2016-12-06 08:53:22,55
2016-12-06 08:53:25,54
2016-12-06 08:53:28,54
2016-12-06 08:53:33,54
2016-12-06 08:53:39,54
2016-12-06 08:53:46,54
2016-12-06 08:53:53,54
2016-12-06 08:53:56,54
2016-12-06 08:54:05,58
2016-12-06 08:54:07,58
2016-12-06 08:54:12,59
2016-12-06 08:54:19,59
2016-12-06 08:54:22,59
2016-12-06 08:54:27,59
2016-12-06 08:54:36,57
2016-12-06 08:54:42,56
2016-12-06 08:54:46,56
2016-12-06 08:54:49,56
2016-12-06 08:54:55,54
2016-12-06 08:54:59,55
2016-12-06 08:55:04,59
2016-12-06 08:55:09,62
2016-12-06 08:55:18,59
2016-12-06 08:55:21,59
2016-12-06 08:55:28,57
2016-12-06 08:55:33,57
2016-12-06 08:55:35,58
2016-12-06 08:55:41,56
2016-12-06 08:55:45,55
2016-12-06 08:55:50,54
2016-12-06 08:55:56,53
2016-12-06 08:56:05,56
2016-12-06 08:56:09,56
2016-12-06 08:56:11,56
2016-12-06 08:56:17,56
2016-12-06 08:56:22,57
2016-12-06 08:56:27,58
2016-12-06 08:56:32,59
2016-12-06 08:56:39,62
2016-12-06 08:56:47,62
2016-12-06 08:56:48,61
2016-12-06 08:56:57,60
2016-12-06 08:57:02,58
2016-12-06 08:57:07,57
2016-12-06 08:57:10,56
2016-12-06 08:57:13,55
2016-12-06 08:57:18,55
2016-12-06 08:57:24,55
2016-12-06 08:57:32,56
2016-12-06 08:57:34,55
2016-12-06 08:57:42,55
2016-12-06 08:57:44,55
2016-12-06 08:57:50,59
2016-12-06 08:57:59,57
2016-12-06 08:58:02,56
2016-12-06 08:58:05,56
2016-12-06 08:58:14,55
2016-12-06 08:58:16,55
2016-12-06 08:58:20,55
2016-12-06 08:58:25,59
2016-12-06 08:58:34,59
2016-12-06 08:58:35,59
2016-12-06 08:58:40,57
2016-12-06 08:58:45,58
2016-12-06 08:58:54,57
2016-12-06 08:59:00,59
2016-12-06 08:59:03,59
2016-12-06 08:59:11,59
2016-12-06 08:59:27,58
2016-12-06 08:59:31,58
2016-12-06 08:59:33,58
2016-12-06 08:59:38,58
2016-12-06 08:59:47,63
2016-12-06 08:59:48,64
2016-12-06 08:59:54,64
2016-12-06 09:00:03,68
2016-12-06 09:00:09,65
2016-12-06 09:00:14,65
2016-12-06 09:00:15,65
2016-12-06 09:00:20,65
2016-12-06 09:00:28,65
2016-12-06 09:00:34,65
2016-12-06 09:00:41,60
2016-12-06 09:00:46,59
2016-12-06 09:00:47,59
2016-12-06 09:01:03,59
2016-12-06 09:01:04,59
2016-12-06 09:01:10,59
2016-12-06 09:01:19,59
2016-12-06 09:01:25,57
2016-12-06 09:01:28,57
2016-12-06 09:01:36,57
2016-12-06 09:01:41,55
2016-12-06 09:01:42,55
2016-12-06 09:01:53,55
2016-12-06 09:01:58,54
2016-12-06 09:02:00,54
2016-12-06 09:02:05,54
2016-12-06 09:02:14,54
2016-12-06 09:02:16,54
2016-12-06 09:02:20,55
2016-12-06 09:02:26,55
2016-12-06 09:02:32,54
2016-12-06 09:02:41,57
2016-12-06 09:02:47,57
2016-12-06 09:02:48,57
2016-12-06 09:02:58,58
2016-12-06 09:03:01,58
2016-12-06 09:03:04,58
2016-12-06 09:03:14,59
2016-12-06 09:03:16,59
2016-12-06 09:03:20,59
2016-12-06 09:03:28,53
2016-12-06 09:03:30,53
2016-12-06 09:03:36,57
2016-12-06 09:03:46,59
2016-12-06 09:03:51,59
2016-12-06 09:03:54,59
2016-12-06 09:03:57,59
2016-12-06 09:04:02,59
2016-12-06 09:04:08,60
2016-12-06 09:04:12,60
2016-12-06 09:04:17,60
2016-12-06 09:04:22,62
2016-12-06 09:04:27,63
2016-12-06 09:04:36,63
2016-12-06 09:04:41,62
2016-12-06 09:04:43,63
2016-12-06 09:04:50,63
2016-12-06 09:04:52,63
2016-12-06 09:05:07,60
2016-12-06 09:05:12,55
2016-12-06 09:05:14,54
2016-12-06 09:05:23,61
2016-12-06 09:05:28,61
2016-12-06 09:05:31,61
2016-12-06 09:05:34,61
2016-12-06 09:05:39,61
2016-12-06 09:05:44,61
2016-12-06 09:05:53,58
2016-12-06 09:05:57,56
2016-12-06 09:06:04,63
2016-12-06 09:06:09,63
2016-12-06 09:06:10,63
2016-12-06 09:06:18,64
2016-12-06 09:06:22,64
2016-12-06 09:06:28,61
2016-12-06 09:06:34,60
2016-12-06 09:06:37,59
2016-12-06 09:06:43,60
2016-12-06 09:06:52,55
2016-12-06 09:06:53,55
2016-12-06 09:06:58,56
2016-12-06 09:07:03,56
2016-12-06 09:07:09,57
2016-12-06 09:07:17,56
2016-12-06 09:07:22,57
2016-12-06 09:07:25,58
2016-12-06 09:07:30,58
2016-12-06 09:07:33,58
2016-12-06 09:07:47,59
2016-12-06 09:07:53,63
2016-12-06 09:08:02,62
2016-12-06 09:08:08,62
2016-12-06 09:08:12,62
2016-12-06 09:08:22,56
2016-12-06 09:08:27,55
2016-12-06 09:08:33,54
2016-12-06 09:08:38,53
2016-12-06 09:08:39,53
2016-12-06 09:08:44,54
2016-12-06 09:08:53,58
2016-12-06 09:08:58,56
2016-12-06 09:08:59,56
2016-12-06 09:09:08,57
2016-12-06 09:09:10,57
2016-12-06 09:09:15,56
2016-12-06 09:09:24,60
2016-12-06 09:09:29,60
2016-12-06 09:09:33,61
2016-12-06 09:09:35,61
2016-12-06 09:09:44,61
2016-12-06 09:09:45,62
2016-12-06 09:09:52,62
2016-12-06 09:10:00,62
2016-12-06 09:10:06,62
2016-12-06 09:10:10,63
2016-12-06 09:10:21,63
2016-12-06 09:10:25,63
2016-12-06 09:10:27,63
2016-12-06 09:10:37,63
2016-12-06 09:10:38,63
2016-12-06 09:10:47,63
2016-12-06 09:10:48,63
2016-12-06 09:10:58,62
2016-12-06 09:11:02,63
2016-12-06 09:11:04,63
2016-12-06 09:11:09,63
2016-12-06 09:11:14,63
2016-12-06 09:11:19,65
2016-12-06 09:11:24,63
2016-12-06 09:12:05,64
2016-12-06 09:12:15,65
2016-12-06 09:12:18,68
2016-12-06 09:12:23,68
2016-12-06 09:12:33,63
2016-12-06 09:12:38,60
2016-12-06 09:12:43,60
2016-12-06 09:12:48,60
2016-12-06 09:12:55,59
2016-12-06 09:12:58,59
2016-12-06 09:13:02,59
2016-12-06 09:13:10,58
2016-12-06 09:13:12,58
2016-12-06 09:13:22,57
2016-12-06 09:13:23,57
2016-12-06 09:13:30,57
2016-12-06 09:13:34,58
2016-12-06 09:13:39,58
2016-12-06 09:13:47,65
2016-12-06 09:13:54,63
2016-12-06 09:13:59,61
2016-12-06 09:14:05,62
2016-12-06 09:14:10,62
2016-12-06 09:14:12,62
2016-12-06 09:14:16,62
2016-12-06 09:14:21,62
2016-12-06 09:14:41,60
2016-12-06 09:14:43,59
2016-12-06 09:14:52,56
2016-12-06 09:14:57,55
2016-12-06 09:14:58,55
2016-12-06 09:15:03,54
2016-12-06 09:15:08,55
2016-12-06 09:15:13,55
2016-12-06 09:15:22,57
2016-12-06 09:15:23,57
2016-12-06 09:15:28,58
2016-12-06 09:15:38,55
2016-12-06 09:15:43,55
2016-12-06 09:15:44,56
2016-12-06 09:15:53,56
2016-12-06 09:16:04,56
2016-12-06 09:16:09,56
2016-12-06 09:16:14,56
2016-12-06 09:16:19,55
2016-12-06 09:16:24,54
2016-12-06 09:16:25,54
2016-12-06 09:16:30,54
2016-12-06 09:16:35,56
2016-12-06 09:16:40,58
2016-12-06 09:16:45,59
2016-12-06 09:16:50,58
2016-12-06 09:16:55,59
2016-12-06 09:17:00,59
2016-12-06 09:17:09,60
2016-12-06 09:17:12,60
2016-12-06 09:17:16,58
2016-12-06 09:17:23,57
2016-12-06 09:17:32,57
2016-12-06 09:17:38,56
2016-12-06 09:17:43,56
2016-12-06 09:17:45,56
2016-12-06 09:17:50,57
2016-12-06 09:17:55,57
2016-12-06 09:18:00,57
2016-12-06 09:18:05,57
2016-12-06 09:18:12,57
2016-12-06 09:18:15,57
2016-12-06 09:18:22,59
2016-12-06 09:18:25,59
2016-12-06 09:18:36,62
2016-12-06 09:18:39,64
2016-12-06 09:18:46,61
2016-12-06 09:18:47,60
2016-12-06 09:18:52,60
2016-12-06 09:18:57,60
2016-12-06 09:19:06,60
2016-12-06 09:19:11,59
2016-12-06 09:19:12,59
2016-12-06 09:19:18,60
2016-12-06 09:19:22,59
2016-12-06 09:19:28,57
2016-12-06 09:19:33,58
2016-12-06 09:19:39,58
2016-12-06 09:19:43,58
2016-12-06 09:19:53,63
2016-12-06 09:19:57,59
2016-12-06 09:20:08,59
2016-12-06 09:20:13,59
2016-12-06 09:20:15,59
2016-12-06 09:20:19,59
2016-12-06 09:20:29,65
2016-12-06 09:20:30,65
2016-12-06 09:20:35,63
2016-12-06 09:20:40,61
2016-12-06 09:20:46,61
2016-12-06 09:20:55,63
2016-12-06 09:21:03,54
2016-12-06 09:21:07,53
2016-12-06 09:21:13,60
2016-12-06 09:21:14,60
2016-12-06 09:21:28,59
2016-12-06 09:21:31,58
2016-12-06 09:21:41,57
2016-12-06 09:21:42,57
2016-12-06 09:21:49,59
2016-12-06 09:21:57,67
2016-12-06 09:22:04,67
2016-12-06 09:22:09,57
2016-12-06 09:22:14,56
2016-12-06 09:22:19,58
2016-12-06 09:22:22,58
2016-12-06 09:22:32,57
2016-12-06 09:22:37,55
2016-12-06 09:23:27,67
2016-12-06 09:23:32,65
2016-12-06 09:23:35,67
2016-12-06 09:24:24,54
2016-12-06 09:24:28,54
2016-12-06 09:24:33,54
2016-12-06 09:24:40,57
2016-12-06 09:24:44,57
2016-12-06 09:24:46,56
2016-12-06 09:24:55,58
2016-12-06 09:24:57,57
2016-12-06 09:25:02,58
2016-12-06 09:25:11,62
2016-12-06 09:25:15,59
2016-12-06 09:25:21,59
2016-12-06 09:25:22,59
2016-12-06 09:25:31,58
2016-12-06 09:25:44,58
2016-12-06 09:25:54,58
2016-12-06 09:25:55,58
2016-12-06 09:26:04,56
2016-12-06 09:26:08,57
2016-12-06 09:26:10,57
2016-12-06 09:26:16,58
2016-12-06 09:26:21,64
2016-12-06 09:26:29,61
2016-12-06 09:26:35,58
2016-12-06 09:26:41,58
2016-12-06 09:26:46,58
2016-12-06 09:26:47,58
2016-12-06 09:26:55,59
2016-12-06 09:27:07,59
2016-12-06 09:27:10,59
2016-12-06 09:27:18,58
2016-12-06 09:27:19,59
2016-12-06 09:27:24,59
2016-12-06 09:27:33,59
2016-12-06 09:27:40,59
2016-12-06 09:27:41,59
2016-12-06 09:27:48,56
2016-12-06 09:27:56,59
2016-12-06 09:27:57,59
2016-12-06 09:28:02,59
2016-12-06 09:28:08,59
2016-12-06 09:28:13,60
2016-12-06 09:28:22,60
2016-12-06 09:28:27,60
2016-12-06 09:28:29,59
2016-12-06 09:28:43,57
2016-12-06 09:28:45,57
2016-12-06 09:28:50,55
2016-12-06 09:28:57,59
2016-12-06 09:29:00,55
2016-12-06 09:29:20,65
2016-12-06 09:29:22,65
2016-12-06 09:29:28,67
2016-12-06 09:29:38,73
2016-12-06 09:29:43,73
2016-12-06 09:29:44,73
2016-12-06 09:29:50,73
2016-12-06 09:29:56,72
2016-12-06 09:30:00,65
2016-12-06 09:30:30,74
2016-12-06 09:30:39,74
2016-12-06 09:30:41,76
2016-12-06 09:30:49,78
2016-12-06 09:30:53,77
2016-12-06 09:30:59,60
2016-12-06 09:31:01,60
2016-12-06 09:31:05,59
2016-12-06 09:31:14,59
2016-12-06 09:31:15,59
2016-12-06 09:31:20,59
2016-12-06 09:31:25,59
2016-12-06 09:31:34,60
2016-12-06 09:31:39,60
2016-12-06 09:31:44,60
2016-12-06 09:31:46,59
2016-12-06 09:31:51,59
2016-12-06 09:32:06,68
2016-12-06 09:32:11,69
2016-12-06 09:32:13,68
2016-12-06 09:32:17,69
2016-12-06 09:32:24,69
2016-12-06 09:32:31,74
2016-12-06 09:32:32,73
2016-12-06 09:32:39,69
2016-12-06 09:32:42,69
2016-12-06 09:32:52,67
2016-12-06 09:32:56,63
2016-12-06 09:32:58,63
2016-12-06 09:33:06,63
2016-12-06 09:33:12,61
2016-12-06 09:33:13,61
2016-12-06 09:33:22,58
2016-12-06 09:33:27,56
2016-12-06 09:33:30,57
2016-12-06 09:33:33,58
2016-12-06 09:33:38,65
2016-12-06 09:33:43,67
2016-12-06 09:33:48,65
2016-12-06 09:33:53,65
2016-12-06 09:34:00,61
2016-12-06 09:34:08,57
2016-12-06 09:34:09,56
2016-12-06 09:34:14,58
2016-12-06 09:34:23,58
2016-12-06 09:34:28,57
2016-12-06 09:34:33,57
2016-12-06 09:34:38,55
2016-12-06 09:34:39,55
2016-12-06 09:34:44,55
2016-12-06 09:34:53,60
2016-12-06 09:34:56,61
2016-12-06 09:34:59,61
2016-12-06 09:35:05,61
2016-12-06 09:35:14,65
2016-12-06 09:35:19,62
2016-12-06 09:35:23,61
2016-12-06 09:35:30,60
2016-12-06 09:35:31,60
2016-12-06 09:35:36,60
2016-12-06 09:35:45,58
2016-12-06 09:35:47,58
2016-12-06 09:35:57,57
2016-12-06 09:35:58,57
2016-12-06 09:36:03,58
2016-12-06 09:36:13,59
2016-12-06 09:36:18,59
2016-12-06 09:36:19,59
2016-12-06 09:36:24,59
2016-12-06 09:36:29,59
2016-12-06 09:36:38,63
2016-12-06 09:36:40,65
2016-12-06 09:36:49,71
2016-12-06 09:36:51,71
2016-12-06 09:36:55,72
2016-12-06 09:37:04,73
2016-12-06 09:37:05,73
2016-12-06 09:37:10,73
2016-12-06 09:37:16,73
2016-12-06 09:37:21,73
2016-12-06 09:37:26,71
2016-12-06 09:37:36,57
2016-12-06 09:37:37,57
2016-12-06 09:37:46,55
2016-12-06 09:37:48,55
2016-12-06 09:37:54,56
2016-12-06 09:38:03,54
2016-12-06 09:38:06,53
2016-12-06 09:38:10,54
2016-12-06 09:38:16,55
2016-12-06 09:38:35,56
2016-12-06 09:38:38,56
2016-12-06 09:38:49,58
2016-12-06 09:38:54,57
2016-12-06 09:38:55,56
2016-12-06 09:39:00,57
2016-12-06 09:39:09,58
2016-12-06 09:39:12,58
2016-12-06 09:39:15,58
2016-12-06 09:39:24,56
2016-12-06 09:39:26,56
2016-12-06 09:39:32,55
2016-12-06 09:39:35,56
2016-12-06 09:39:45,56
2016-12-06 09:39:47,56
2016-12-06 09:39:52,57
2016-12-06 09:39:59,57
2016-12-06 09:40:06,55
2016-12-06 09:40:10,55
2016-12-06 09:40:17,56
2016-12-06 09:40:18,56
2016-12-06 09:40:23,57
2016-12-06 09:40:32,56
2016-12-06 09:40:37,55
2016-12-06 09:40:48,57
2016-12-06 09:40:53,47
2016-12-06 09:40:55,47
2016-12-06 09:41:20,55
2016-12-06 09:41:22,54
2016-12-06 09:41:29,52
2016-12-06 09:41:31,52
2016-12-06 09:41:40,50
2016-12-06 09:41:50,50
2016-12-06 09:41:54,51
2016-12-06 09:42:04,55
2016-12-06 09:42:08,57
2016-12-06 09:42:15,59
2016-12-06 09:42:23,59
2016-12-06 09:42:29,57
2016-12-06 09:42:35,57
2016-12-06 09:42:37,57
2016-12-06 09:42:41,56
2016-12-06 09:42:46,56
2016-12-06 09:42:52,50
2016-12-06 09:42:58,55
2016-12-06 09:43:05,57
2016-12-06 09:43:16,56
2016-12-06 09:43:21,56
2016-12-06 09:43:23,57
2016-12-06 09:43:29,57
2016-12-06 09:43:34,56
2016-12-06 09:43:44,61
2016-12-06 09:43:47,61
2016-12-06 09:44:22,56
2016-12-06 09:44:23,56
2016-12-06 09:44:33,69
2016-12-06 09:44:38,69
2016-12-06 09:44:39,68
2016-12-06 09:44:46,67
2016-12-06 09:44:49,67
2016-12-06 09:44:58,60
2016-12-06 09:45:00,61
2016-12-06 09:45:05,65
2016-12-06 09:45:14,57
2016-12-06 09:45:19,55
2016-12-06 09:45:24,55
2016-12-06 09:45:26,55
2016-12-06 09:45:30,56
2016-12-06 09:45:49,56
2016-12-06 09:45:53,58
2016-12-06 09:45:59,57
2016-12-06 09:46:05,56
2016-12-06 09:46:10,55
2016-12-06 09:46:15,54
2016-12-06 09:46:16,54
2016-12-06 09:46:21,54
2016-12-06 09:46:27,59
2016-12-06 09:46:36,65
2016-12-06 09:46:37,65
2016-12-06 09:46:47,60
2016-12-06 09:46:48,60
2016-12-06 09:46:55,59
2016-12-06 09:47:01,59
2016-12-06 09:47:05,58
2016-12-06 09:47:16,59
2016-12-06 09:47:21,57
2016-12-06 09:47:27,58
2016-12-06 09:47:29,58
2016-12-06 09:47:33,58
2016-12-06 09:47:41,55
2016-12-06 09:47:47,56
2016-12-06 09:47:48,56
2016-12-06 09:47:53,56
2016-12-06 09:48:08,56
2016-12-06 09:48:09,56
2016-12-06 09:48:14,56
2016-12-06 09:48:21,56
2016-12-06 09:48:31,57
2016-12-06 09:48:47,68
2016-12-06 09:48:55,57
2016-12-06 09:49:01,56
2016-12-06 09:49:03,56
2016-12-06 09:49:11,56
2016-12-06 09:49:12,56
2016-12-06 09:49:17,56
2016-12-06 09:49:26,58
2016-12-06 09:49:29,58
2016-12-06 09:49:34,57
2016-12-06 09:49:41,58
2016-12-06 09:49:46,58
2016-12-06 09:49:51,58
2016-12-06 09:49:56,58
2016-12-06 09:50:01,58
2016-12-06 09:50:04,58
2016-12-06 09:50:12,57
2016-12-06 09:50:17,56
2016-12-06 09:50:19,56
2016-12-06 09:50:27,56
2016-12-06 09:50:30,57
2016-12-06 09:50:39,62
2016-12-06 09:50:41,62
2016-12-06 09:50:47,65
2016-12-06 09:50:51,65
2016-12-06 09:51:00,65
2016-12-06 09:51:05,62
2016-12-06 09:51:11,56
2016-12-06 09:51:12,56
2016-12-06 09:51:17,54
2016-12-06 09:51:22,55
2016-12-06 09:51:33,58
2016-12-06 09:51:38,58
2016-12-06 09:51:40,57
2016-12-06 09:51:48,51
2016-12-06 09:51:52,53
2016-12-06 09:51:54,53
2016-12-06 09:51:59,57
2016-12-06 09:52:08,51
2016-12-06 09:52:11,51
2016-12-06 09:52:14,51
2016-12-06 09:52:19,51
2016-12-06 09:52:24,51
2016-12-06 09:52:30,51
2016-12-06 09:52:36,51
2016-12-06 09:52:42,52
2016-12-06 09:52:47,53
2016-12-06 09:52:52,53
2016-12-06 09:52:57,53
2016-12-06 09:53:02,54
2016-12-06 09:53:07,53
2016-12-06 09:53:16,59
2016-12-06 09:53:22,59
2016-12-06 09:53:23,59
2016-12-06 09:53:30,59
2016-12-06 09:53:33,59
2016-12-06 09:53:45,59
2016-12-06 09:53:52,59
2016-12-06 09:53:55,59
2016-12-06 09:54:00,59
2016-12-06 09:54:05,59
2016-12-06 09:54:11,59
2016-12-06 09:54:16,60
2016-12-06 09:54:26,60
2016-12-06 09:54:31,61
2016-12-06 09:54:37,61
2016-12-06 09:54:41,61
2016-12-06 09:54:43,60
2016-12-06 09:54:48,60
2016-12-06 09:54:57,58
2016-12-06 09:54:58,58
2016-12-06 09:55:08,59
2016-12-06 09:55:14,58
2016-12-06 09:55:18,57
2016-12-06 09:55:26,51
2016-12-06 09:55:28,50
2016-12-06 09:55:35,50
2016-12-06 09:55:38,50
2016-12-06 09:55:42,51
2016-12-06 09:55:51,54
2016-12-06 09:55:55,54
2016-12-06 09:55:59,54
2016-12-06 09:56:03,56
2016-12-06 09:56:08,55
2016-12-06 09:56:13,58
2016-12-06 09:56:18,57
2016-12-06 09:56:28,65
2016-12-06 09:56:35,59
2016-12-06 09:56:40,59
2016-12-06 09:56:44,59
2016-12-06 09:56:51,57
2016-12-06 09:56:54,56
2016-12-06 09:56:58,56
2016-12-06 09:57:04,55
2016-12-06 09:57:09,52
2016-12-06 09:57:15,54
2016-12-06 09:57:20,56
2016-12-06 09:57:29,60
2016-12-06 09:57:34,58
2016-12-06 09:57:36,59
2016-12-06 09:57:41,60
2016-12-06 09:57:46,59
2016-12-06 09:57:51,59
2016-12-06 09:58:00,54
2016-12-06 09:58:03,54
2016-12-06 09:58:07,54
2016-12-06 09:58:12,54
2016-12-06 09:58:18,54
2016-12-06 09:58:27,55
2016-12-06 09:58:33,52
2016-12-06 09:58:39,52
2016-12-06 09:58:45,53
2016-12-06 09:58:47,53
2016-12-06 09:58:55,54
2016-12-06 09:59:00,54
2016-12-06 09:59:05,54
2016-12-06 09:59:06,54
2016-12-06 09:59:12,57
2016-12-06 09:59:17,57
2016-12-06 09:59:22,62
2016-12-06 09:59:31,64
2016-12-06 09:59:37,64
2016-12-06 09:59:38,64
2016-12-06 09:59:45,64
2016-12-06 09:59:53,69
2016-12-06 09:59:59,77
2016-12-06 10:00:01,77
2016-12-06 10:00:05,77
2016-12-06 10:00:15,77
2016-12-06 10:00:16,77
2016-12-06 10:00:22,73
2016-12-06 10:00:30,78
2016-12-06 10:00:32,78
2016-12-06 10:00:37,77
2016-12-06 10:00:43,77
2016-12-06 10:00:51,77
2016-12-06 10:00:52,77
2016-12-06 10:01:01,59
2016-12-06 10:01:06,58
2016-12-06 10:01:11,55
2016-12-06 10:01:17,55
2016-12-06 10:01:22,54
2016-12-06 10:01:27,53
2016-12-06 10:01:32,52
2016-12-06 10:01:36,52
2016-12-06 10:01:38,52
2016-12-06 10:01:45,51
2016-12-06 10:01:50,51
2016-12-06 10:01:53,51
2016-12-06 10:01:58,52
2016-12-06 10:02:03,53
2016-12-06 10:02:09,62
2016-12-06 10:02:17,64
2016-12-06 10:02:23,58
2016-12-06 10:02:25,57
2016-12-06 10:02:35,55
2016-12-06 10:02:40,55
2016-12-06 10:02:44,53
2016-12-06 10:02:51,53
2016-12-06 10:02:53,54
2016-12-06 10:02:59,52
2016-12-06 10:03:03,51
2016-12-06 10:03:08,51
2016-12-06 10:03:15,53
2016-12-06 10:03:23,51
2016-12-06 10:03:26,50
2016-12-06 10:03:32,51
2016-12-06 10:03:34,51
2016-12-06 10:03:44,51
2016-12-06 10:03:45,51
2016-12-06 10:03:53,51
2016-12-06 10:04:00,53
2016-12-06 10:04:01,54
2016-12-06 10:04:08,57
2016-12-06 10:04:11,56
2016-12-06 10:04:18,54
2016-12-06 10:04:21,54
2016-12-06 10:04:26,54
2016-12-06 10:04:31,54
2016-12-06 10:04:40,61
2016-12-06 10:04:42,61
2016-12-06 10:04:50,64
2016-12-06 10:04:52,63
2016-12-06 10:04:57,63
2016-12-06 10:05:04,63
2016-12-06 10:05:08,63
2016-12-06 10:05:14,64
2016-12-06 10:05:17,64
2016-12-06 10:05:26,77
2016-12-06 10:05:33,74
2016-12-06 10:05:35,69
2016-12-06 10:05:42,63
2016-12-06 10:05:58,63
2016-12-06 10:06:01,64
2016-12-06 10:06:07,54
2016-12-06 10:06:16,60
2016-12-06 10:06:21,61
2016-12-06 10:06:27,60
2016-12-06 10:06:32,59
2016-12-06 10:06:33,59
2016-12-06 10:06:43,57
2016-12-06 10:06:44,58
2016-12-06 10:06:50,59
2016-12-06 10:06:56,64
2016-12-06 10:07:01,59
2016-12-06 10:07:26,53
2016-12-06 10:07:31,54
2016-12-06 10:07:36,54
2016-12-06 10:07:39,54
2016-12-06 10:07:42,54
2016-12-06 10:07:48,55
2016-12-06 10:07:58,59
2016-12-06 10:08:03,59
2016-12-06 10:08:05,59
2016-12-06 10:08:10,58
2016-12-06 10:08:16,56
2016-12-06 10:08:19,58
2016-12-06 10:08:24,56
2016-12-06 10:08:29,58
2016-12-06 10:08:38,51
2016-12-06 10:08:44,56
2016-12-06 10:08:49,65
2016-12-06 10:08:50,65
2016-12-06 10:08:55,65
2016-12-06 10:09:00,65
2016-12-06 10:09:16,58
2016-12-06 10:09:21,57
2016-12-06 10:09:22,57
2016-12-06 10:09:27,57
2016-12-06 10:09:36,57
2016-12-06 10:09:41,54
2016-12-06 10:09:46,53
2016-12-06 10:09:50,52
2016-12-06 10:09:53,52
2016-12-06 10:09:57,52
2016-12-06 10:10:03,52
2016-12-06 10:10:08,52
2016-12-06 10:10:19,52
2016-12-06 10:10:22,52
2016-12-06 10:10:25,52
2016-12-06 10:10:32,53
2016-12-06 10:10:37,53
2016-12-06 10:10:44,57
2016-12-06 10:10:49,57
2016-12-06 10:10:54,57
2016-12-06 10:10:56,57
2016-12-06 10:11:01,61
2016-12-06 10:11:11,58
2016-12-06 10:11:16,57
2016-12-06 10:11:17,57
2016-12-06 10:11:27,52
2016-12-06 10:11:30,52
2016-12-06 10:11:33,52
2016-12-06 10:11:38,52
2016-12-06 10:11:43,53
2016-12-06 10:11:52,55
2016-12-06 10:11:57,55
2016-12-06 10:11:58,55
2016-12-06 10:12:03,55
2016-12-06 10:12:10,60
2016-12-06 10:12:16,61
2016-12-06 10:12:19,61
2016-12-06 10:12:25,60
2016-12-06 10:12:30,61
2016-12-06 10:12:38,61
2016-12-06 10:12:43,61
2016-12-06 10:12:46,61
2016-12-06 10:12:52,61
2016-12-06 10:12:59,60
2016-12-06 10:13:06,61
2016-12-06 10:13:07,60
2016-12-06 10:13:12,61
2016-12-06 10:13:21,67
2016-12-06 10:13:25,74
2016-12-06 10:13:30,74
2016-12-06 10:13:36,73
2016-12-06 10:13:38,74
2016-12-06 10:13:48,74
2016-12-06 10:13:49,74
2016-12-06 10:13:54,74
2016-12-06 10:14:04,60
2016-12-06 10:14:06,59
2016-12-06 10:14:15,59
2016-12-06 10:14:17,59
2016-12-06 10:14:25,59
2016-12-06 10:14:31,59
2016-12-06 10:14:32,59
2016-12-06 10:14:39,57
2016-12-06 10:14:54,55
2016-12-06 10:14:58,57
2016-12-06 10:15:08,63
2016-12-06 10:15:13,62
2016-12-06 10:15:15,63
2016-12-06 10:15:39,80
2016-12-06 10:15:42,81
2016-12-06 10:15:50,78
2016-12-06 10:16:12,65
2016-12-06 10:16:13,65
2016-12-06 10:16:22,65
2016-12-06 10:16:23,65
2016-12-06 10:16:33,61
2016-12-06 10:16:38,57
2016-12-06 10:16:43,57
2016-12-06 10:16:48,62
2016-12-06 10:16:50,62
2016-12-06 10:16:55,59
2016-12-06 10:16:59,59
2016-12-06 10:17:05,59
2016-12-06 10:17:14,59
2016-12-06 10:17:21,58
2016-12-06 10:17:22,58
2016-12-06 10:17:28,60
2016-12-06 10:17:33,59
2016-12-06 10:17:42,76
2016-12-06 10:18:15,57
2016-12-06 10:18:19,57
2016-12-06 10:18:23,57
2016-12-06 10:18:26,56
2016-12-06 10:18:41,68
2016-12-06 10:18:44,68
2016-12-06 10:18:47,68
2016-12-06 10:18:53,67
2016-12-06 10:18:57,64
2016-12-06 10:19:03,65
2016-12-06 10:19:09,65
2016-12-06 10:19:18,59
2016-12-06 10:19:24,59
2016-12-06 10:19:30,59
2016-12-06 10:19:31,59
2016-12-06 10:19:38,61
2016-12-06 10:19:46,58
2016-12-06 10:19:51,58
2016-12-06 10:19:55,57
2016-12-06 10:20:03,54
2016-12-06 10:20:09,52
2016-12-06 10:20:11,51
2016-12-06 10:20:17,51
2016-12-06 10:20:26,51
2016-12-06 10:20:32,51
2016-12-06 10:20:37,52
2016-12-06 10:20:38,52
2016-12-06 10:20:45,59
2016-12-06 10:20:49,60
2016-12-06 10:20:55,62
2016-12-06 10:20:58,62
2016-12-06 10:21:08,61
2016-12-06 10:21:14,67
2016-12-06 10:21:15,67
2016-12-06 10:21:20,64
2016-12-06 10:21:29,52
2016-12-06 10:21:32,51
2016-12-06 10:21:36,50
2016-12-06 10:21:41,51
2016-12-06 10:21:49,52
2016-12-06 10:21:54,53
2016-12-06 10:21:56,53
2016-12-06 10:22:05,57
2016-12-06 10:22:06,58
2016-12-06 10:22:13,59
2016-12-06 10:22:19,59
2016-12-06 10:22:24,56
2016-12-06 10:22:31,60
2016-12-06 10:22:33,59
2016-12-06 10:22:39,52
2016-12-06 10:22:50,50
2016-12-06 10:22:51,50
2016-12-06 10:23:00,52
2016-12-06 10:23:03,52
2016-12-06 10:23:08,52
2016-12-06 10:23:12,52
2016-12-06 10:23:21,51
2016-12-06 10:23:24,51
2016-12-06 10:23:29,52
2016-12-06 10:23:34,51
2016-12-06 10:23:39,51
2016-12-06 10:23:51,59
2016-12-06 10:23:58,59
2016-12-06 10:24:10,58
2016-12-06 10:24:14,59
2016-12-06 10:24:20,56
2016-12-06 10:24:25,56
2016-12-06 10:24:26,56
2016-12-06 10:24:32,57
2016-12-06 10:24:40,54
2016-12-06 10:24:41,55
2016-12-06 10:24:46,57
2016-12-06 10:24:57,58
2016-12-06 10:24:59,58
2016-12-06 10:25:07,58
2016-12-06 10:25:08,58
2016-12-06 10:25:18,55
2016-12-06 10:25:19,55
2016-12-06 10:25:24,54
2016-12-06 10:25:29,54
2016-12-06 10:25:39,64
2016-12-06 10:25:40,64
2016-12-06 10:25:48,69
2016-12-06 10:25:56,63
2016-12-06 10:26:00,59
2016-12-06 10:26:06,54
2016-12-06 10:26:07,54
2016-12-06 10:26:12,55
2016-12-06 10:26:17,54
2016-12-06 10:26:22,54
2016-12-06 10:26:33,54
2016-12-06 10:26:38,55
2016-12-06 10:26:43,52
2016-12-06 10:26:44,52
2016-12-06 10:26:52,53
2016-12-06 10:26:56,54
2016-12-06 10:27:01,54
2016-12-06 10:27:07,54
2016-12-06 10:27:12,54
2016-12-06 10:27:20,54
2016-12-06 10:27:22,54
2016-12-06 10:27:28,54
2016-12-06 10:27:34,58
2016-12-06 10:27:44,58
2016-12-06 10:27:49,58
2016-12-06 10:27:55,58
2016-12-06 10:27:57,58
2016-12-06 10:28:02,59
2016-12-06 10:28:06,59
2016-12-06 10:28:16,58
2016-12-06 10:28:21,58
2016-12-06 10:28:23,58
2016-12-06 10:28:27,59
2016-12-06 10:28:36,59
2016-12-06 10:28:37,59
2016-12-06 10:28:42,59
2016-12-06 10:28:51,61
2016-12-06 10:28:56,61
2016-12-06 10:28:57,61
2016-12-06 10:29:02,60
2016-12-06 10:29:11,56
2016-12-06 10:29:16,57
2016-12-06 10:29:21,59
2016-12-06 10:29:22,59
2016-12-06 10:29:31,64
2016-12-06 10:29:33,63
2016-12-06 10:29:37,61
2016-12-06 10:29:46,55
2016-12-06 10:29:51,53
2016-12-06 10:29:55,52
2016-12-06 10:30:01,52
2016-12-06 10:30:08,53
2016-12-06 10:30:09,53
2016-12-06 10:30:14,53
2016-12-06 10:30:20,54
2016-12-06 10:30:30,57
2016-12-06 10:30:32,58
2016-12-06 10:30:36,58
2016-12-06 10:30:43,56
2016-12-06 10:30:47,56
2016-12-06 10:30:55,56
2016-12-06 10:30:58,56
2016-12-06 10:31:04,56
2016-12-06 10:31:09,56
2016-12-06 10:31:14,67
2016-12-06 10:31:21,71
2016-12-06 10:31:28,67
2016-12-06 10:31:32,64
2016-12-06 10:31:38,59
2016-12-06 10:31:44,56
2016-12-06 10:31:55,51
2016-12-06 10:32:00,51
2016-12-06 10:32:05,51
2016-12-06 10:32:10,52
2016-12-06 10:32:15,54
2016-12-06 10:32:20,54
2016-12-06 10:32:25,54
2016-12-06 10:32:28,54
2016-12-06 10:32:37,58
2016-12-06 10:32:42,57
2016-12-06 10:32:46,57
2016-12-06 10:33:11,67
2016-12-06 10:33:17,62
2016-12-06 10:33:23,58
2016-12-06 10:33:26,57
2016-12-06 10:33:33,59
2016-12-06 10:33:36,59
2016-12-06 10:33:40,59
2016-12-06 10:33:50,59
2016-12-06 10:33:53,59
2016-12-06 10:33:56,59
2016-12-06 10:34:05,54
2016-12-06 10:34:06,54
2016-12-06 10:34:12,54
2016-12-06 10:34:20,55
2016-12-06 10:34:21,55
2016-12-06 10:34:30,54
2016-12-06 10:34:35,53
2016-12-06 10:34:36,54
2016-12-06 10:34:42,58
2016-12-06 10:34:47,58
2016-12-06 10:34:52,57
2016-12-06 10:34:57,57
2016-12-06 10:35:02,57
2016-12-06 10:35:08,56
2016-12-06 10:35:15,51
2016-12-06 10:35:18,50
2016-12-06 10:35:26,59
2016-12-06 10:35:28,59
2016-12-06 10:35:33,61
2016-12-06 10:35:44,59
2016-12-06 10:35:45,59
2016-12-06 10:35:59,59
2016-12-06 10:36:00,59
2016-12-06 10:36:05,59
2016-12-06 10:36:11,59
2016-12-06 10:36:19,59
2016-12-06 10:36:21,59
2016-12-06 10:36:25,59
2016-12-06 10:36:34,62
2016-12-06 10:36:35,62
2016-12-06 10:36:41,61
2016-12-06 10:36:46,61
2016-12-06 10:36:51,61
2016-12-06 10:37:16,59
2016-12-06 10:37:58,61
2016-12-06 10:37:59,61
2016-12-06 10:38:11,62
2016-12-06 10:38:19,74
2016-12-06 10:38:20,74
2016-12-06 10:38:40,72
2016-12-06 10:38:45,73
2016-12-06 10:38:50,73
2016-12-06 10:38:53,73
2016-12-06 10:39:00,74
2016-12-06 10:39:05,76
2016-12-06 10:39:06,74
2016-12-06 10:39:13,76
2016-12-06 10:39:16,74
2016-12-06 10:39:23,76
2016-12-06 10:39:26,77
2016-12-06 10:39:35,73
2016-12-06 10:39:36,72
2016-12-06 10:39:41,72
2016-12-06 10:39:47,72
2016-12-06 10:39:57,64
2016-12-06 10:39:58,64
2016-12-06 10:40:04,61
2016-12-06 10:40:12,56
2016-12-06 10:40:13,56
2016-12-06 10:40:22,54
2016-12-06 10:40:27,55
2016-12-06 10:40:32,54
2016-12-06 10:40:34,54
2016-12-06 10:40:40,54
2016-12-06 10:40:47,57
2016-12-06 10:40:49,54
2016-12-06 10:40:58,49
2016-12-06 10:41:01,50
2016-12-06 10:41:04,50
2016-12-06 10:41:14,52
2016-12-06 10:41:17,53
2016-12-06 10:41:20,52
2016-12-06 10:41:28,57
2016-12-06 10:41:30,56
2016-12-06 10:41:39,53
2016-12-06 10:41:44,55
2016-12-06 10:41:48,56
2016-12-06 10:41:50,56
2016-12-06 10:41:55,56
2016-12-06 10:42:04,52
2016-12-06 10:42:09,51
2016-12-06 10:42:14,55
2016-12-06 10:42:20,53
2016-12-06 10:42:21,53
2016-12-06 10:42:31,53
2016-12-06 10:42:36,52
2016-12-06 10:42:41,51
2016-12-06 10:42:46,51
2016-12-06 10:42:47,52
2016-12-06 10:42:53,51
2016-12-06 10:42:58,51
2016-12-06 10:43:07,51
2016-12-06 10:43:10,50
2016-12-06 10:43:15,51
2016-12-06 10:43:21,50
2016-12-06 10:43:30,50
2016-12-06 10:43:35,50
2016-12-06 10:43:40,51
2016-12-06 10:43:46,51
2016-12-06 10:44:03,58
2016-12-06 10:44:11,50
2016-12-06 10:44:16,49
2016-12-06 10:44:21,49
2016-12-06 10:44:26,50
2016-12-06 10:44:27,50
2016-12-06 10:44:36,48
2016-12-06 10:44:40,48
2016-12-06 10:44:45,47
2016-12-06 10:44:52,48
2016-12-06 10:44:53,48
2016-12-06 10:44:58,48
2016-12-06 10:45:03,48
2016-12-06 10:45:08,49
2016-12-06 10:45:18,50
2016-12-06 10:45:23,50
2016-12-06 10:45:28,50
2016-12-06 10:45:31,50
2016-12-06 10:45:34,50
2016-12-06 10:45:45,50
2016-12-06 10:45:55,65
2016-12-06 10:46:01,58
2016-12-06 10:46:05,55
2016-12-06 10:46:08,56
2016-12-06 10:46:14,59
2016-12-06 10:46:19,59
2016-12-06 10:46:28,47
2016-12-06 10:46:32,48
2016-12-06 10:46:38,48
2016-12-06 10:46:41,49
2016-12-06 10:46:44,51
2016-12-06 10:46:49,49
2016-12-06 10:46:58,48
2016-12-06 10:47:03,48
2016-12-06 10:47:08,49
2016-12-06 10:47:09,49
2016-12-06 10:47:15,50
2016-12-06 10:47:24,56
2016-12-06 10:47:26,56
2016-12-06 10:47:37,55
2016-12-06 10:47:43,53
2016-12-06 10:47:48,52
2016-12-06 10:47:53,52
2016-12-06 10:47:54,51
2016-12-06 10:48:05,51
2016-12-06 10:48:10,50
2016-12-06 10:48:16,50
2016-12-06 10:48:20,51
2016-12-06 10:48:23,53
2016-12-06 10:48:33,54
2016-12-06 10:48:34,54
2016-12-06 10:48:41,53
2016-12-06 10:48:48,51
2016-12-06 10:48:53,50
2016-12-06 10:48:58,51
2016-12-06 10:49:01,52
2016-12-06 10:49:04,53
2016-12-06 10:49:09,53
2016-12-06 10:49:15,55
2016-12-06 10:49:20,56
2016-12-06 10:49:29,53
2016-12-06 10:49:34,53
2016-12-06 10:49:39,50
2016-12-06 10:49:40,50
2016-12-06 10:49:49,50
2016-12-06 10:49:53,50
2016-12-06 10:49:56,50
2016-12-06 10:50:02,58
2016-12-06 10:50:10,65
2016-12-06 10:50:16,64
2016-12-06 10:50:18,64
2016-12-06 10:50:23,63
2016-12-06 10:50:28,59
2016-12-06 10:50:33,59
2016-12-06 10:50:38,59
2016-12-06 10:50:47,50
2016-12-06 10:50:48,49
2016-12-06 10:50:53,56
2016-12-06 10:50:59,57
2016-12-06 10:51:08,56
2016-12-06 10:51:19,56
2016-12-06 10:51:24,58
2016-12-06 10:51:25,58
2016-12-06 10:51:31,59
2016-12-06 10:51:40,59
2016-12-06 10:51:50,51
2016-12-06 10:51:56,51
2016-12-06 10:52:01,51
2016-12-06 10:52:05,51
2016-12-06 10:52:09,50
2016-12-06 10:52:16,53
2016-12-06 10:52:18,52
2016-12-06 10:52:27,50
2016-12-06 10:52:32,51
2016-12-06 10:52:36,50
2016-12-06 10:52:42,50
2016-12-06 10:52:43,50
2016-12-06 10:52:48,50
2016-12-06 10:52:55,48
2016-12-06 10:52:58,48
2016-12-06 10:53:03,49
2016-12-06 10:53:09,50
2016-12-06 10:53:14,50
2016-12-06 10:53:24,49
2016-12-06 10:53:26,49
2016-12-06 10:53:35,47
2016-12-06 10:53:36,47
2016-12-06 10:53:41,48
2016-12-06 10:53:47,52
2016-12-06 10:53:52,52
2016-12-06 10:54:00,51
2016-12-06 10:54:07,48
2016-12-06 10:54:11,49
2016-12-06 10:54:16,50
2016-12-06 10:54:21,49
2016-12-06 10:54:25,49
2016-12-06 10:54:32,49
2016-12-06 10:54:34,49
2016-12-06 10:54:39,50
2016-12-06 10:54:44,57
2016-12-06 10:54:49,57
2016-12-06 10:54:57,60
2016-12-06 10:55:03,61
2016-12-06 10:55:06,62
2016-12-06 10:55:11,62
2016-12-06 10:55:17,62
2016-12-06 10:55:23,61
2016-12-06 10:55:31,64
2016-12-06 10:55:35,62
2016-12-06 10:55:41,55
2016-12-06 10:55:43,55
2016-12-06 10:55:48,55
2016-12-06 10:55:57,52
2016-12-06 10:55:59,52
2016-12-06 10:56:07,53
2016-12-06 10:56:09,52
2016-12-06 10:56:18,53
2016-12-06 10:56:21,53
2016-12-06 10:56:25,54
2016-12-06 10:56:37,54
2016-12-06 10:56:45,53
2016-12-06 10:56:50,52
2016-12-06 10:56:56,52
2016-12-06 10:57:01,54
2016-12-06 10:57:04,54
2016-12-06 10:57:07,55
2016-12-06 10:57:12,58
2016-12-06 10:57:21,61
2016-12-06 10:57:24,61
2016-12-06 10:57:27,60
2016-12-06 10:57:36,55
2016-12-06 10:57:38,54
2016-12-06 10:57:49,55
2016-12-06 10:57:53,55
2016-12-06 10:58:02,55
2016-12-06 10:58:08,55
2016-12-06 10:58:09,55
2016-12-06 10:58:18,56
2016-12-06 10:58:19,56
2016-12-06 10:58:24,56
2016-12-06 10:58:29,56
2016-12-06 10:58:35,56
2016-12-06 10:58:44,55
2016-12-06 10:58:46,55
2016-12-06 10:58:51,54
2016-12-06 10:58:57,53
2016-12-06 10:59:05,51
2016-12-06 10:59:11,51
2016-12-06 10:59:12,51
2016-12-06 10:59:17,51
2016-12-06 10:59:27,50
2016-12-06 10:59:32,50
2016-12-06 10:59:37,53
2016-12-06 10:59:40,52
2016-12-06 10:59:43,53
2016-12-06 10:59:48,53
2016-12-06 10:59:58,52
2016-12-06 11:00:03,52
2016-12-06 11:00:09,53
2016-12-06 11:00:14,52
2016-12-06 11:00:15,52
2016-12-06 11:00:24,51
2016-12-06 11:00:29,50
2016-12-06 11:00:32,50
2016-12-06 11:00:40,50
2016-12-06 11:00:41,50
2016-12-06 11:00:47,51
2016-12-06 11:00:52,53
2016-12-06 11:00:59,52
2016-12-06 11:01:07,51
2016-12-06 11:01:09,50
2016-12-06 11:01:16,51
2016-12-06 11:01:18,51
2016-12-06 11:01:26,55
2016-12-06 11:01:32,55
2016-12-06 11:01:37,56
2016-12-06 11:01:40,56
2016-12-06 11:01:45,55
2016-12-06 11:01:52,52
2016-12-06 11:01:56,52
2016-12-06 11:02:01,52
2016-12-06 11:02:10,50
2016-12-06 11:02:15,50
2016-12-06 11:02:16,50
2016-12-06 11:02:25,51
2016-12-06 11:02:26,51
2016-12-06 11:02:32,51
2016-12-06 11:02:39,52
2016-12-06 11:02:46,53
2016-12-06 11:02:49,55
2016-12-06 11:02:53,54
2016-12-06 11:02:59,53
2016-12-06 11:03:08,53
2016-12-06 11:03:15,50
2016-12-06 11:03:18,50
2016-12-06 11:03:25,52
2016-12-06 11:03:30,52
2016-12-06 11:03:40,54
2016-12-06 11:03:45,74
2016-12-06 11:03:50,81
2016-12-06 11:04:57,85
2016-12-06 11:05:29,55
2016-12-06 11:05:35,57
2016-12-06 11:05:45,59
2016-12-06 11:05:51,57
2016-12-06 11:05:56,54
2016-12-06 11:05:59,52
2016-12-06 11:06:07,52
2016-12-06 11:06:13,53
2016-12-06 11:06:16,51
2016-12-06 11:06:24,51
2016-12-06 11:06:26,51
2016-12-06 11:06:34,51
2016-12-06 11:06:36,51
2016-12-06 11:06:41,54
2016-12-06 11:06:47,50
2016-12-06 11:06:58,51
2016-12-06 11:07:01,52
2016-12-06 11:07:04,52
2016-12-06 11:07:13,53
2016-12-06 11:07:19,52
2016-12-06 11:07:24,53
2016-12-06 11:07:28,53
2016-12-06 11:07:35,53
2016-12-06 11:07:40,54
2016-12-06 11:07:43,54
2016-12-06 11:07:50,54
2016-12-06 11:07:52,54
2016-12-06 11:07:59,55
2016-12-06 11:08:04,57
2016-12-06 11:08:09,57
2016-12-06 11:08:21,62
2016-12-06 11:08:24,62
2016-12-06 11:08:29,64
2016-12-06 11:08:38,68
2016-12-06 11:08:44,68
2016-12-06 11:08:47,69
2016-12-06 11:08:57,65
2016-12-06 11:09:05,57
2016-12-06 11:09:08,56
2016-12-06 11:09:14,55
2016-12-06 11:09:20,55
2016-12-06 11:09:21,55
2016-12-06 11:09:26,54
2016-12-06 11:09:36,52
2016-12-06 11:09:41,52
2016-12-06 11:09:46,52
2016-12-06 11:09:47,52
2016-12-06 11:09:56,52
2016-12-06 11:10:02,51
2016-12-06 11:10:08,50
2016-12-06 11:10:13,50
2016-12-06 11:10:18,50
2016-12-06 11:10:21,50
2016-12-06 11:10:24,50
2016-12-06 11:10:29,50
2016-12-06 11:10:39,50
2016-12-06 11:10:42,50
2016-12-06 11:10:45,50
2016-12-06 11:10:54,50
2016-12-06 11:10:55,50
2016-12-06 11:11:01,50
2016-12-06 11:11:11,62
2016-12-06 11:11:16,57
2016-12-06 11:11:23,50
2016-12-06 11:11:27,50
2016-12-06 11:11:29,50
2016-12-06 11:11:39,50
2016-12-06 11:11:40,50
2016-12-06 11:11:47,48
2016-12-06 11:11:55,47
2016-12-06 11:11:56,48
2016-12-06 11:12:02,48
2016-12-06 11:12:06,48
2016-12-06 11:12:13,49
2016-12-06 11:12:26,48
2016-12-06 11:12:28,49
2016-12-06 11:12:38,48
2016-12-06 11:12:41,48
2016-12-06 11:12:48,48
2016-12-06 11:12:50,48
2016-12-06 11:13:05,48
2016-12-06 11:13:06,48
2016-12-06 11:13:14,48
2016-12-06 11:13:19,48
2016-12-06 11:13:21,48
2016-12-06 11:13:31,48
2016-12-06 11:13:40,50
2016-12-06 11:13:46,49
2016-12-06 11:13:50,50
2016-12-06 11:14:06,49
2016-12-06 11:14:08,48
2016-12-06 11:14:16,48
2016-12-06 11:14:20,48
2016-12-06 11:14:23,49
2016-12-06 11:14:32,49
2016-12-06 11:14:35,49
2016-12-06 11:14:38,49
2016-12-06 11:14:44,48
2016-12-06 11:14:50,48
2016-12-06 11:14:56,44
2016-12-06 11:15:01,49
2016-12-06 11:15:10,52
2016-12-06 11:15:15,51
2016-12-06 11:15:18,51
2016-12-06 11:15:23,51
2016-12-06 11:15:30,52
2016-12-06 11:15:31,52
2016-12-06 11:15:40,50
2016-12-06 11:15:45,50
2016-12-06 11:15:50,49
2016-12-06 11:15:51,49
2016-12-06 11:15:56,49
2016-12-06 11:16:01,49
2016-12-06 11:16:07,50
2016-12-06 11:16:16,50
2016-12-06 11:16:17,50
2016-12-06 11:16:28,50
2016-12-06 11:16:29,50
2016-12-06 11:16:39,50
2016-12-06 11:16:42,50
2016-12-06 11:16:46,50
2016-12-06 11:16:55,50
2016-12-06 11:16:57,50
2016-12-06 11:17:01,49
2016-12-06 11:17:06,49
2016-12-06 11:17:12,50
2016-12-06 11:17:17,50
2016-12-06 11:17:24,50
2016-12-06 11:17:34,53
2016-12-06 11:17:42,49
2016-12-06 11:17:47,48
2016-12-06 11:17:51,49
2016-12-06 11:17:57,49
2016-12-06 11:17:58,49
2016-12-06 11:18:08,48
2016-12-06 11:18:10,48
2016-12-06 11:18:15,48
2016-12-06 11:18:23,49
2016-12-06 11:18:29,49
2016-12-06 11:18:30,49
2016-12-06 11:18:39,48
2016-12-06 11:18:44,47
2016-12-06 11:18:49,47
2016-12-06 11:18:54,46
2016-12-06 11:18:58,46
2016-12-06 11:19:00,47
2016-12-06 11:19:14,46
2016-12-06 11:19:21,46
2016-12-06 11:19:26,46
2016-12-06 11:19:30,47
2016-12-06 11:19:33,48
2016-12-06 11:19:40,47
2016-12-06 11:19:48,48
2016-12-06 11:19:49,48
2016-12-06 11:19:54,48
2016-12-06 11:20:02,48
2016-12-06 11:20:04,48
2016-12-06 11:20:09,47
2016-12-06 11:20:15,47
2016-12-06 11:20:25,47
2016-12-06 11:20:30,48
2016-12-06 11:20:31,48
2016-12-06 11:20:40,47
2016-12-06 11:20:43,47
2016-12-06 11:20:47,48
2016-12-06 11:20:52,49
2016-12-06 11:21:02,50
2016-12-06 11:21:07,48
2016-12-06 11:21:11,48
2016-12-06 11:21:13,48
2016-12-06 11:21:18,48
2016-12-06 11:21:25,48
2016-12-06 11:21:29,48
2016-12-06 11:21:34,47
2016-12-06 11:21:39,47
2016-12-06 11:21:44,47
2016-12-06 11:21:49,48
2016-12-06 11:22:10,48
2016-12-06 11:22:15,47
2016-12-06 11:22:28,48
2016-12-06 11:22:32,49
2016-12-06 11:22:39,50
2016-12-06 11:22:44,54
2016-12-06 11:22:52,55
2016-12-06 11:22:58,54
2016-12-06 11:22:59,54
2016-12-06 11:23:08,53
2016-12-06 11:23:09,53
2016-12-06 11:23:14,53
2016-12-06 11:23:19,51
2016-12-06 11:23:26,49
2016-12-06 11:23:34,73
2016-12-06 11:23:36,73
2016-12-06 11:23:47,53
2016-12-06 11:23:48,52
2016-12-06 11:23:53,50
2016-12-06 11:24:02,52
2016-12-06 11:24:05,51
2016-12-06 11:24:13,51
2016-12-06 11:24:14,51
2016-12-06 11:24:19,51
2016-12-06 11:24:26,51
2016-12-06 11:24:30,51
2016-12-06 11:24:35,51
2016-12-06 11:24:40,51
2016-12-06 11:24:49,55
2016-12-06 11:24:54,59
2016-12-06 11:24:55,59
2016-12-06 11:25:01,58
2016-12-06 11:25:08,58
2016-12-06 11:25:11,58
2016-12-06 11:25:22,64
2016-12-06 11:25:31,61
2016-12-06 11:25:35,58
2016-12-06 11:25:41,53
2016-12-06 11:25:43,52
2016-12-06 11:25:48,52
2016-12-06 11:26:01,52
2016-12-06 11:26:08,52
2016-12-06 11:26:11,52
2016-12-06 11:26:15,52
2016-12-06 11:26:23,54
2016-12-06 11:26:28,54
2016-12-06 11:26:30,52
2016-12-06 11:26:34,53
2016-12-06 11:26:42,54
2016-12-06 11:26:48,52
2016-12-06 11:26:50,52
2016-12-06 11:26:55,53
2016-12-06 11:27:03,50
2016-12-06 11:27:10,49
2016-12-06 11:27:12,50
2016-12-06 11:27:20,50
2016-12-06 11:27:26,48
2016-12-06 11:27:28,48
2016-12-06 11:27:32,48
2016-12-06 11:27:40,49
2016-12-06 11:27:43,49
2016-12-06 11:27:52,49
2016-12-06 11:27:56,49
2016-12-06 11:28:01,49
2016-12-06 11:28:04,50
2016-12-06 11:28:13,50
2016-12-06 11:28:14,50
2016-12-06 11:28:19,49
2016-12-06 11:28:24,50
2016-12-06 11:28:34,51
2016-12-06 11:28:37,51
2016-12-06 11:28:42,51
2016-12-06 11:28:49,51
2016-12-06 11:28:54,50
2016-12-06 11:28:57,50
2016-12-06 11:29:06,54
2016-12-06 11:29:08,54
2016-12-06 11:29:12,54
2016-12-06 11:29:17,54
2016-12-06 11:29:22,53
2016-12-06 11:29:31,54
2016-12-06 11:29:32,54
2016-12-06 11:29:38,54
2016-12-06 11:29:42,54
2016-12-06 11:29:48,53
2016-12-06 11:29:56,53
2016-12-06 11:29:59,53
2016-12-06 11:30:04,53
2016-12-06 11:30:11,52
2016-12-06 11:30:14,52
2016-12-06 11:30:19,52
2016-12-06 11:30:24,51
2016-12-06 11:30:45,58
2016-12-06 11:30:50,59
2016-12-06 11:30:54,58
2016-12-06 11:31:02,57
2016-12-06 11:31:05,57
2016-12-06 11:31:08,57
2016-12-06 11:31:17,57
2016-12-06 11:31:21,58
2016-12-06 11:31:23,57
2016-12-06 11:31:31,53
2016-12-06 11:31:37,53
2016-12-06 11:31:42,51
2016-12-06 11:31:43,51
2016-12-06 11:31:48,51
2016-12-06 11:31:53,51
2016-12-06 11:31:58,50
2016-12-06 11:32:08,49
2016-12-06 11:32:09,49
2016-12-06 11:32:15,49
2016-12-06 11:32:24,49
2016-12-06 11:32:35,54
2016-12-06 11:32:37,54
2016-12-06 11:32:46,55
2016-12-06 11:32:47,55
2016-12-06 11:32:53,55
2016-12-06 11:33:03,56
2016-12-06 11:33:09,51
2016-12-06 11:33:11,51
2016-12-06 11:33:19,51
2016-12-06 11:33:25,51
2016-12-06 11:33:27,51
2016-12-06 11:33:31,51
2016-12-06 11:33:36,51
2016-12-06 11:33:46,48
2016-12-06 11:33:47,48
2016-12-06 11:33:52,48
2016-12-06 11:33:58,50
2016-12-06 11:34:03,50
2016-12-06 11:34:07,50
2016-12-06 11:34:12,50
2016-12-06 11:34:17,51
2016-12-06 11:34:27,50
2016-12-06 11:34:28,51
2016-12-06 11:34:47,50
2016-12-06 11:34:49,50
2016-12-06 11:34:54,49
2016-12-06 11:35:01,50
2016-12-06 11:35:04,50
2016-12-06 11:35:18,50
2016-12-06 11:35:23,51
2016-12-06 11:35:26,51
2016-12-06 11:35:34,50
2016-12-06 11:35:37,50
2016-12-06 11:35:44,50
2016-12-06 11:35:45,50
2016-12-06 11:35:52,50
2016-12-06 11:35:56,50
2016-12-06 11:36:06,48
2016-12-06 11:36:10,49
2016-12-06 11:36:12,49
2016-12-06 11:36:18,50
2016-12-06 11:36:23,53
2016-12-06 11:36:32,57
2016-12-06 11:36:37,55
2016-12-06 11:36:42,54
2016-12-06 11:36:47,50
2016-12-06 11:36:52,47
2016-12-06 11:36:57,46
2016-12-06 11:37:01,46
2016-12-06 11:37:04,46
2016-12-06 11:37:09,47
2016-12-06 11:37:18,47
2016-12-06 11:37:20,48
2016-12-06 11:37:24,50
2016-12-06 11:37:30,52
2016-12-06 11:37:34,51
2016-12-06 11:37:41,52
2016-12-06 11:37:48,51
2016-12-06 11:37:51,51
2016-12-06 11:37:54,51
2016-12-06 11:37:59,51
2016-12-06 11:38:04,51
2016-12-06 11:38:12,52
2016-12-06 11:38:15,53
2016-12-06 11:38:21,59
2016-12-06 11:38:25,58
2016-12-06 11:38:35,59
2016-12-06 11:38:41,54
2016-12-06 11:38:44,53
2016-12-06 11:38:52,50
2016-12-06 11:38:56,48
2016-12-06 11:39:02,47
2016-12-06 11:39:04,47
2016-12-06 11:39:13,48
2016-12-06 11:39:19,48
2016-12-06 11:39:21,48
2016-12-06 11:39:27,49
2016-12-06 11:39:31,49
2016-12-06 11:39:41,49
2016-12-06 11:39:46,49
2016-12-06 11:39:52,48
2016-12-06 11:39:53,48
2016-12-06 11:40:02,50
2016-12-06 11:40:04,49
2016-12-06 11:40:12,49
2016-12-06 11:40:17,49
2016-12-06 11:40:19,49
2016-12-06 11:40:25,50
2016-12-06 11:40:30,49
2016-12-06 11:40:35,49
2016-12-06 11:40:41,48
2016-12-06 11:40:47,46
2016-12-06 11:40:57,46
2016-12-06 11:41:01,46
2016-12-06 11:41:03,46
2016-12-06 11:41:08,50
2016-12-06 11:41:13,52
2016-12-06 11:41:21,50
2016-12-06 11:41:23,50
2016-12-06 11:41:33,51
2016-12-06 11:41:36,51
2016-12-06 11:41:39,50
2016-12-06 11:41:49,50
2016-12-06 11:41:53,50
2016-12-06 11:41:55,50
2016-12-06 11:42:03,50
2016-12-06 11:42:05,50
2016-12-06 11:42:10,50
2016-12-06 11:42:15,50
2016-12-06 11:42:25,50
2016-12-06 11:42:26,50
2016-12-06 11:42:36,50
2016-12-06 11:42:41,50
2016-12-06 11:42:43,50
2016-12-06 11:42:51,50
2016-12-06 11:42:55,49
2016-12-06 11:43:04,49
2016-12-06 11:43:10,49
2016-12-06 11:43:13,48
2016-12-06 11:43:16,48
2016-12-06 11:43:25,46
2016-12-06 11:43:28,46
2016-12-06 11:43:33,45
2016-12-06 11:43:41,49
2016-12-06 11:43:46,49
2016-12-06 11:43:47,49
2016-12-06 11:43:53,50
2016-12-06 11:44:02,51
2016-12-06 11:44:07,51
2016-12-06 11:44:08,50
2016-12-06 11:44:14,50
2016-12-06 11:44:20,50
2016-12-06 11:44:27,50
2016-12-06 11:44:29,50
2016-12-06 11:44:37,58
2016-12-06 11:44:40,59
2016-12-06 11:44:49,59
2016-12-06 11:44:55,60
2016-12-06 11:45:03,47
2016-12-06 11:45:08,47
2016-12-06 11:45:13,48
2016-12-06 11:45:14,48
2016-12-06 11:45:20,48
2016-12-06 11:45:31,50
2016-12-06 11:45:36,51
2016-12-06 11:45:38,50
2016-12-06 11:45:44,50
2016-12-06 11:45:51,52
2016-12-06 11:45:56,51
2016-12-06 11:46:00,50
2016-12-06 11:46:05,49
2016-12-06 11:46:08,49
2016-12-06 11:46:17,50
2016-12-06 11:46:22,50
2016-12-06 11:46:23,50
2016-12-06 11:46:32,61
2016-12-06 11:46:37,60
2016-12-06 11:46:39,60
2016-12-06 11:46:44,60
2016-12-06 11:46:49,60
2016-12-06 11:47:02,59
2016-12-06 11:47:09,59
2016-12-06 11:47:10,59
2016-12-06 11:47:15,60
2016-12-06 11:47:22,60
2016-12-06 11:47:27,59
2016-12-06 11:47:31,60
2016-12-06 11:47:36,59
2016-12-06 11:47:50,69
2016-12-06 11:48:16,58
2016-12-06 11:48:21,59
2016-12-06 11:48:22,59
2016-12-06 11:48:27,59
2016-12-06 11:48:37,59
2016-12-06 11:48:42,60
2016-12-06 11:48:45,59
2016-12-06 11:48:50,60
2016-12-06 11:48:59,54
2016-12-06 11:49:00,51
2016-12-06 11:49:10,49
2016-12-06 11:49:15,47
2016-12-06 11:49:17,47
2016-12-06 11:49:23,48
2016-12-06 11:49:26,48
2016-12-06 11:49:33,48
2016-12-06 11:49:38,50
2016-12-06 11:49:43,53
2016-12-06 11:49:48,55
2016-12-06 11:49:57,55
2016-12-06 11:49:58,55
2016-12-06 11:50:22,69
2016-12-06 11:50:29,69
2016-12-06 11:50:31,69
2016-12-06 11:51:17,69
2016-12-06 11:51:42,72
2016-12-06 11:51:47,69
2016-12-06 11:51:48,69
2016-12-06 11:51:53,69
2016-12-06 11:52:01,69
2016-12-06 11:52:05,69
2016-12-06 11:52:14,78
2016-12-06 11:52:17,78
2016-12-06 11:52:21,69
2016-12-06 11:52:30,76
2016-12-06 11:52:31,76
2016-12-06 11:52:53,77
2016-12-06 11:53:00,69
2016-12-06 11:53:05,68
2016-12-06 11:53:07,68
2016-12-06 11:53:12,69
2016-12-06 11:53:28,61
2016-12-06 11:54:35,112
2016-12-06 11:54:37,112
2016-12-06 11:54:42,112
2016-12-06 11:55:52,62
2016-12-06 11:55:54,62
2016-12-06 11:56:05,51
2016-12-06 11:56:21,67
2016-12-06 11:56:22,67
2016-12-06 11:56:27,68
2016-12-06 11:57:40,99
2016-12-06 11:57:41,99
2016-12-06 11:57:56,100
2016-12-06 11:57:58,100
2016-12-06 11:58:12,98
2016-12-06 11:58:13,96
2016-12-06 11:58:59,54
2016-12-06 11:59:04,50
2016-12-06 11:59:09,49
2016-12-06 11:59:13,49
2016-12-06 11:59:16,49
2016-12-06 11:59:21,53
2016-12-06 11:59:27,55
2016-12-06 11:59:35,55
2016-12-06 11:59:37,54
2016-12-06 11:59:47,61
2016-12-06 11:59:52,61
2016-12-06 11:59:56,61
2016-12-06 12:00:02,60
2016-12-06 12:00:05,60
2016-12-06 12:00:10,61
2016-12-06 12:00:17,61
2016-12-06 12:00:19,61
2016-12-06 12:00:23,60
2016-12-06 12:00:32,68
2016-12-06 12:00:38,68
2016-12-06 12:00:39,67
2016-12-06 12:00:47,60
2016-12-06 12:00:49,60
2016-12-06 12:00:58,67
2016-12-06 12:01:00,72
2016-12-06 12:01:04,72
2016-12-06 12:01:09,72
2016-12-06 12:02:12,54
2016-12-06 12:02:13,54
2016-12-06 12:02:21,54
2016-12-06 12:02:23,53
2016-12-06 12:02:44,87
2016-12-06 12:02:47,94
2016-12-06 12:02:54,92
2016-12-06 12:02:58,94
2016-12-06 12:03:07,90
2016-12-06 12:03:08,90
2016-12-06 12:03:13,90
2016-12-06 12:04:44,68
2016-12-06 12:04:49,69
2016-12-06 12:04:50,69
2016-12-06 12:05:03,65
2016-12-06 12:05:05,65
2016-12-06 12:06:25,96
2016-12-06 12:06:32,96
2016-12-06 12:06:54,67
2016-12-06 12:06:55,67
2016-12-06 12:07:26,78
2016-12-06 12:07:32,78
2016-12-06 12:07:48,55
2016-12-06 12:07:56,54
2016-12-06 12:07:57,54
2016-12-06 12:08:08,56
2016-12-06 12:08:14,59
2016-12-06 12:08:20,57
2016-12-06 12:08:22,58
2016-12-06 12:08:26,58
2016-12-06 12:08:35,68
2016-12-06 12:08:40,69
2016-12-06 12:08:41,69
2016-12-06 12:08:47,71
2016-12-06 12:08:53,72
2016-12-06 12:09:01,69
2016-12-06 12:09:05,69
2016-12-06 12:09:14,69
2016-12-06 12:09:16,69
2016-12-06 12:09:20,68
2016-12-06 12:09:26,68
2016-12-06 12:09:32,77
2016-12-06 12:09:39,77
2016-12-06 12:09:44,77
2016-12-06 12:09:50,77
2016-12-06 12:09:51,77
2016-12-06 12:10:02,77
2016-12-06 12:10:03,77
2016-12-06 12:10:22,56
2016-12-06 12:10:26,56
2016-12-06 12:10:28,56
2016-12-06 12:10:33,54
2016-12-06 12:10:38,51
2016-12-06 12:11:04,51
2016-12-06 12:11:05,52
2016-12-06 12:11:10,56
2016-12-06 12:11:20,58
2016-12-06 12:11:27,56
2016-12-06 12:11:33,57
2016-12-06 12:11:41,57
2016-12-06 12:11:45,57
2016-12-06 12:11:52,58
2016-12-06 12:11:58,58
2016-12-06 12:11:59,58
2016-12-06 12:12:04,57
2016-12-06 12:12:11,57
2016-12-06 12:12:18,56
2016-12-06 12:12:24,57
2016-12-06 12:12:29,63
2016-12-06 12:12:31,64
2016-12-06 12:12:35,64
2016-12-06 12:12:44,63
2016-12-06 12:12:47,62
2016-12-06 12:12:50,61
2016-12-06 12:13:01,53
2016-12-06 12:13:05,53
2016-12-06 12:13:14,54
2016-12-06 12:13:19,55
2016-12-06 12:13:27,54
2016-12-06 12:13:34,54
2016-12-06 12:13:40,51
2016-12-06 12:13:47,49
2016-12-06 12:13:54,50
2016-12-06 12:13:59,50
2016-12-06 12:14:05,50
2016-12-06 12:14:10,50
2016-12-06 12:14:11,50
2016-12-06 12:14:16,50
2016-12-06 12:14:24,50
2016-12-06 12:14:26,50
2016-12-06 12:14:35,50
2016-12-06 12:14:36,50
2016-12-06 12:14:45,48
2016-12-06 12:14:50,46
2016-12-06 12:14:51,46
2016-12-06 12:14:56,46
2016-12-06 12:15:03,46
2016-12-06 12:15:14,49
2016-12-06 12:15:16,50
2016-12-06 12:15:20,50
2016-12-06 12:15:28,68
2016-12-06 12:15:35,63
2016-12-06 12:15:40,58
2016-12-06 12:15:46,53
2016-12-06 12:15:52,50
2016-12-06 12:15:57,50
2016-12-06 12:16:02,49
2016-12-06 12:16:04,49
2016-12-06 12:16:13,49
2016-12-06 12:16:17,49
2016-12-06 12:16:19,49
2016-12-06 12:16:24,49
2016-12-06 12:16:33,49
2016-12-06 12:16:34,49
2016-12-06 12:16:40,49
2016-12-06 12:16:45,49
2016-12-06 12:16:51,49
2016-12-06 12:16:56,49
2016-12-06 12:17:04,53
2016-12-06 12:17:08,53
2016-12-06 12:17:14,54
2016-12-06 12:17:19,54
2016-12-06 12:17:23,53
2016-12-06 12:17:31,53
2016-12-06 12:17:35,57
2016-12-06 12:17:40,52
2016-12-06 12:17:44,52
2016-12-06 12:17:52,53
2016-12-06 12:17:56,52
2016-12-06 12:18:03,51
2016-12-06 12:18:06,51
2016-12-06 12:18:15,53
2016-12-06 12:18:19,52
2016-12-06 12:18:21,52
2016-12-06 12:18:26,53
2016-12-06 12:18:35,53
2016-12-06 12:18:36,53
2016-12-06 12:19:06,53
2016-12-06 12:19:26,53
2016-12-06 12:19:35,48
2016-12-06 12:19:41,50
2016-12-06 12:19:46,50
2016-12-06 12:19:52,54
2016-12-06 12:19:57,52
2016-12-06 12:19:59,52
2016-12-06 12:20:03,53
2016-12-06 12:20:20,54
2016-12-06 12:20:26,52
2016-12-06 12:20:29,53
2016-12-06 12:20:37,53
2016-12-06 12:20:42,52
2016-12-06 12:20:47,53
2016-12-06 12:20:52,56
2016-12-06 12:20:54,55
2016-12-06 12:20:59,55
2016-12-06 12:21:04,55
2016-12-06 12:21:13,59
2016-12-06 12:21:19,57
2016-12-06 12:21:24,55
2016-12-06 12:21:30,54
2016-12-06 12:21:34,55
2016-12-06 12:21:40,54
2016-12-06 12:21:41,54
2016-12-06 12:21:46,51
2016-12-06 12:21:52,51
2016-12-06 12:22:01,55
2016-12-06 12:22:02,54
2016-12-06 12:22:09,59
2016-12-06 12:22:12,59
2016-12-06 12:22:21,55
2016-12-06 12:22:24,55
2016-12-06 12:22:31,55
2016-12-06 12:22:36,53
2016-12-06 12:22:38,52
2016-12-06 12:22:46,52
2016-12-06 12:22:52,51
2016-12-06 12:22:53,51
2016-12-06 12:23:00,52
2016-12-06 12:23:04,52
2016-12-06 12:23:09,52
2016-12-06 12:23:14,51
2016-12-06 12:23:23,51
2016-12-06 12:23:24,51
2016-12-06 12:23:31,52
2016-12-06 12:23:39,51
2016-12-06 12:23:43,51
2016-12-06 12:23:49,51
2016-12-06 12:23:50,51
2016-12-06 12:23:59,51
2016-12-06 12:24:03,51
2016-12-06 12:24:05,51
2016-12-06 12:24:11,51
2016-12-06 12:24:16,51
2016-12-06 12:24:27,56
2016-12-06 12:24:32,57
2016-12-06 12:24:38,58
2016-12-06 12:24:43,55
2016-12-06 12:24:45,54
2016-12-06 12:24:51,54
2016-12-06 12:24:59,53
2016-12-06 12:25:01,53
2016-12-06 12:25:06,53
2016-12-06 12:25:11,53
2016-12-06 12:25:20,54
2016-12-06 12:25:22,55
2016-12-06 12:25:30,57
2016-12-06 12:25:32,57
2016-12-06 12:25:41,54
2016-12-06 12:25:46,53
2016-12-06 12:25:52,54
2016-12-06 12:25:57,54
2016-12-06 12:26:01,54
2016-12-06 12:26:03,54
2016-12-06 12:26:08,53
2016-12-06 12:26:18,54
2016-12-06 12:26:19,54
2016-12-06 12:26:29,65
2016-12-06 12:26:34,63
2016-12-06 12:26:40,57
2016-12-06 12:26:45,57
2016-12-06 12:26:50,55
2016-12-06 12:26:54,55
2016-12-06 12:26:59,52
2016-12-06 12:27:07,52
2016-12-06 12:27:12,51
2016-12-06 12:27:17,51
2016-12-06 12:27:22,51
2016-12-06 12:27:26,51
2016-12-06 12:27:33,51
2016-12-06 12:27:38,57
2016-12-06 12:27:40,57
2016-12-06 12:27:44,55
2016-12-06 12:27:52,53
2016-12-06 12:27:59,53
2016-12-06 12:28:00,53
2016-12-06 12:28:08,53
2016-12-06 12:28:10,53
2016-12-06 12:28:15,53
2016-12-06 12:28:20,53
2016-12-06 12:28:25,53
2016-12-06 12:28:34,53
2016-12-06 12:28:40,53
2016-12-06 12:28:45,56
2016-12-06 12:28:50,61
2016-12-06 12:28:51,61
2016-12-06 12:28:56,64
2016-12-06 12:29:01,68
2016-12-06 12:29:06,64
2016-12-06 12:29:12,60
2016-12-06 12:29:20,68
2016-12-06 12:29:25,65
2016-12-06 12:29:28,64
2016-12-06 12:29:33,61
2016-12-06 12:29:38,63
2016-12-06 12:29:44,60
2016-12-06 12:29:48,59
2016-12-06 12:29:53,55
2016-12-06 12:30:02,54
2016-12-06 12:30:07,53
2016-12-06 12:30:08,54
2016-12-06 12:30:13,54
2016-12-06 12:30:20,54
2016-12-06 12:30:28,54
2016-12-06 12:30:33,54
2016-12-06 12:30:34,54
2016-12-06 12:30:40,54
2016-12-06 12:30:48,54
2016-12-06 12:30:53,56
2016-12-06 12:30:57,56
2016-12-06 12:30:59,56
2016-12-06 12:31:08,59
2016-12-06 12:31:10,59
2016-12-06 12:31:14,59
2016-12-06 12:31:24,58
2016-12-06 12:31:29,57
2016-12-06 12:31:31,56
2016-12-06 12:31:35,56
2016-12-06 12:31:44,55
2016-12-06 12:31:45,55
2016-12-06 12:31:50,55
2016-12-06 12:32:00,55
2016-12-06 12:32:05,59
2016-12-06 12:32:10,59
2016-12-06 12:32:15,59
2016-12-06 12:32:20,59
2016-12-06 12:32:21,59
2016-12-06 12:32:26,59
2016-12-06 12:32:35,60
2016-12-06 12:32:38,62
2016-12-06 12:32:47,59
2016-12-06 12:32:49,58
2016-12-06 12:32:58,54
2016-12-06 12:33:03,53
2016-12-06 12:33:08,53
2016-12-06 12:33:12,53
2016-12-06 12:33:15,53
2016-12-06 12:33:21,53
2016-12-06 12:33:26,56
2016-12-06 12:33:37,56
2016-12-06 12:33:42,56
2016-12-06 12:33:47,55
2016-12-06 12:33:49,55
2016-12-06 12:33:56,54
2016-12-06 12:34:02,56
2016-12-06 12:34:04,57
2016-12-06 12:34:14,58
2016-12-06 12:34:19,57
2016-12-06 12:34:24,57
2016-12-06 12:34:26,57
2016-12-06 12:34:31,57
2016-12-06 12:34:37,59
2016-12-06 12:34:47,59
2016-12-06 12:34:49,59
2016-12-06 12:34:57,59
2016-12-06 12:35:01,59
2016-12-06 12:35:04,59
2016-12-06 12:35:10,57
2016-12-06 12:35:15,56
2016-12-06 12:35:25,56
2016-12-06 12:35:31,56
2016-12-06 12:35:34,56
2016-12-06 12:35:37,56
2016-12-06 12:35:43,56
2016-12-06 12:35:48,55
2016-12-06 12:35:56,58
2016-12-06 12:35:58,56
2016-12-06 12:36:08,56
2016-12-06 12:36:13,56
2016-12-06 12:36:16,55
2016-12-06 12:36:23,55
2016-12-06 12:36:25,55
2016-12-06 12:36:30,55
2016-12-06 12:36:39,57
2016-12-06 12:36:40,57
2016-12-06 12:36:45,57
2016-12-06 12:36:54,55
2016-12-06 12:36:55,55
2016-12-06 12:37:04,55
2016-12-06 12:37:05,55
2016-12-06 12:37:10,55
2016-12-06 12:37:15,55
2016-12-06 12:37:25,55
2016-12-06 12:37:27,55
2016-12-06 12:37:34,55
2016-12-06 12:37:37,55
2016-12-06 12:37:42,55
2016-12-06 12:37:51,53
2016-12-06 12:37:56,54
2016-12-06 12:37:57,54
2016-12-06 12:38:05,55
2016-12-06 12:38:11,55
2016-12-06 12:38:13,55
2016-12-06 12:38:18,55
2016-12-06 12:38:23,54
2016-12-06 12:38:30,56
2016-12-06 12:38:34,57
2016-12-06 12:38:43,57
2016-12-06 12:38:47,57
2016-12-06 12:38:49,57
2016-12-06 12:38:57,57
2016-12-06 12:39:01,57
2016-12-06 12:39:04,55
2016-12-06 12:39:10,55
2016-12-06 12:39:15,53
2016-12-06 12:39:20,51
2016-12-06 12:39:25,52
2016-12-06 12:39:31,52
2016-12-06 12:39:39,56
2016-12-06 12:39:45,57
2016-12-06 12:39:50,56
2016-12-06 12:39:56,56
2016-12-06 12:40:00,56
2016-12-06 12:40:05,56
2016-12-06 12:40:11,56
2016-12-06 12:40:16,56
2016-12-06 12:40:21,56
2016-12-06 12:40:30,59
2016-12-06 12:40:34,59
2016-12-06 12:40:36,58
2016-12-06 12:40:45,54
2016-12-06 12:40:46,54
2016-12-06 12:40:54,58
2016-12-06 12:41:00,59
2016-12-06 12:41:06,59
2016-12-06 12:41:08,59
2016-12-06 12:41:18,57
2016-12-06 12:41:19,57
2016-12-06 12:41:24,56
2016-12-06 12:41:34,54
2016-12-06 12:41:40,54
2016-12-06 12:41:41,54
2016-12-06 12:41:48,54
2016-12-06 12:41:52,55
2016-12-06 12:41:57,56
2016-12-06 12:42:07,55
2016-12-06 12:42:09,54
2016-12-06 12:42:14,53
2016-12-06 12:42:22,56
2016-12-06 12:42:28,57
2016-12-06 12:42:29,57
2016-12-06 12:42:34,56
2016-12-06 12:42:44,55
2016-12-06 12:42:45,55
2016-12-06 12:42:50,55
2016-12-06 12:42:57,56
2016-12-06 12:43:00,56
2016-12-06 12:43:05,56
2016-12-06 12:43:14,56
2016-12-06 12:43:19,56
2016-12-06 12:43:24,55
2016-12-06 12:43:26,55
2016-12-06 12:43:32,57
2016-12-06 12:43:35,59
2016-12-06 12:43:44,58
2016-12-06 12:43:46,58
2016-12-06 12:43:50,58
2016-12-06 12:43:55,57
2016-12-06 12:44:00,58
2016-12-06 12:44:11,57
2016-12-06 12:44:12,57
2016-12-06 12:44:17,56
2016-12-06 12:44:24,56
2016-12-06 12:44:28,56
2016-12-06 12:44:33,56
2016-12-06 12:44:42,55
2016-12-06 12:44:47,55
2016-12-06 12:44:48,55
2016-12-06 12:44:53,56
2016-12-06 12:45:02,58
2016-12-06 12:45:03,58
2016-12-06 12:45:12,58
2016-12-06 12:45:13,58
2016-12-06 12:45:23,57
2016-12-06 12:45:26,57
2016-12-06 12:45:29,57
2016-12-06 12:45:39,57
2016-12-06 12:45:42,56
2016-12-06 12:45:45,55
2016-12-06 12:45:50,54
2016-12-06 12:45:59,55
2016-12-06 12:46:00,56
2016-12-06 12:46:07,56
2016-12-06 12:46:13,56
2016-12-06 12:46:19,56
2016-12-06 12:46:22,56
2016-12-06 12:46:26,56
2016-12-06 12:46:32,56
2016-12-06 12:46:37,56
2016-12-06 12:46:46,56
2016-12-06 12:46:52,54
2016-12-06 12:46:58,54
2016-12-06 12:46:59,54
2016-12-06 12:47:07,52
2016-12-06 12:47:09,52
2016-12-06 12:47:15,54
2016-12-06 12:47:23,54
2016-12-06 12:47:28,59
2016-12-06 12:47:31,58
2016-12-06 12:47:36,58
2016-12-06 12:47:51,87
2016-12-06 12:48:00,59
2016-12-06 12:48:01,59
2016-12-06 12:48:10,62
2016-12-06 12:48:13,62
2016-12-06 12:48:21,63
2016-12-06 12:48:22,63
2016-12-06 12:48:28,63
2016-12-06 12:48:34,62
2016-12-06 12:49:05,60
2016-12-06 12:49:06,60
2016-12-06 12:49:15,61
2016-12-06 12:49:16,59
2016-12-06 12:49:26,59
2016-12-06 12:49:30,59
2016-12-06 12:49:32,59
2016-12-06 12:49:37,59
2016-12-06 12:49:43,59
2016-12-06 12:49:50,72
2016-12-06 12:49:55,71
2016-12-06 12:50:15,71
2016-12-06 12:50:20,69
2016-12-06 12:50:21,69
2016-12-06 12:50:26,69
2016-12-06 12:50:40,59
2016-12-06 12:50:45,57
2016-12-06 12:50:51,54
2016-12-06 12:50:56,50
2016-12-06 12:51:01,52
2016-12-06 12:51:06,52
2016-12-06 12:51:08,51
2016-12-06 12:51:14,52
2016-12-06 12:51:22,54
2016-12-06 12:51:28,53
2016-12-06 12:51:31,52
2016-12-06 12:51:34,52
2016-12-06 12:51:39,52
2016-12-06 12:51:47,55
2016-12-06 12:51:54,54
2016-12-06 12:51:55,54
2016-12-06 12:52:00,55
2016-12-06 12:52:10,54
2016-12-06 12:52:13,53
2016-12-06 12:52:20,54
2016-12-06 12:52:25,54
2016-12-06 12:52:26,54
2016-12-06 12:52:31,54
2016-12-06 12:52:38,54
2016-12-06 12:52:45,53
2016-12-06 12:52:50,53
2016-12-06 12:52:52,52
2016-12-06 12:53:01,53
2016-12-06 12:53:02,53
2016-12-06 12:53:07,53
2016-12-06 12:53:16,59
2016-12-06 12:53:21,58
2016-12-06 12:53:26,58
2016-12-06 12:53:27,59
2016-12-06 12:53:34,59
2016-12-06 12:53:37,59
2016-12-06 12:53:42,60
2016-12-06 12:53:47,59
2016-12-06 12:53:52,60
2016-12-06 12:54:01,59
2016-12-06 12:54:06,58
2016-12-06 12:54:11,58
2016-12-06 12:54:12,59
2016-12-06 12:54:17,59
2016-12-06 12:54:25,58
2016-12-06 12:54:27,58
2016-12-06 12:54:34,54
2016-12-06 12:54:41,58
2016-12-06 12:54:42,58
2016-12-06 12:54:47,58
2016-12-06 12:54:54,59
2016-12-06 12:55:02,59
2016-12-06 12:55:08,57
2016-12-06 12:55:10,57
2016-12-06 12:55:14,57
2016-12-06 12:55:20,57
2016-12-06 12:55:25,59
2016-12-06 12:55:34,57
2016-12-06 12:55:41,56
2016-12-06 12:55:46,56
2016-12-06 12:55:51,55
2016-12-06 12:55:52,56
2016-12-06 12:56:00,56
2016-12-06 12:56:07,58
2016-12-06 12:56:13,59
2016-12-06 12:56:14,59
2016-12-06 12:56:25,63
2016-12-06 12:56:26,63
2016-12-06 12:56:35,62
2016-12-06 12:56:42,56
2016-12-06 12:56:47,56
2016-12-06 12:56:48,56
2016-12-06 12:56:57,56
2016-12-06 12:56:58,56
2016-12-06 12:57:04,56
2016-12-06 12:57:14,60
2016-12-06 12:57:18,62
2016-12-06 12:57:24,74
2016-12-06 12:57:32,54
2016-12-06 12:57:35,53
2016-12-06 12:57:39,53
2016-12-06 12:57:45,54
2016-12-06 12:57:53,65
2016-12-06 12:57:57,65
2016-12-06 12:57:59,65
2016-12-06 12:58:08,55
2016-12-06 12:58:09,55
2016-12-06 12:58:14,53
2016-12-06 12:58:23,54
2016-12-06 12:58:28,55
2016-12-06 12:58:33,55
2016-12-06 12:58:34,55
2016-12-06 12:58:39,55
2016-12-06 12:58:45,55
2016-12-06 12:58:50,55
2016-12-06 12:58:55,60
2016-12-06 12:59:03,55
2016-12-06 12:59:09,55
2016-12-06 12:59:14,55
2016-12-06 12:59:19,55
2016-12-06 12:59:22,55
2016-12-06 12:59:29,56
2016-12-06 12:59:30,57
2016-12-06 12:59:39,58
2016-12-06 12:59:40,58
2016-12-06 12:59:48,54
2016-12-06 12:59:51,53
2016-12-06 12:59:59,52
2016-12-06 13:00:00,52
2016-12-06 13:00:05,51
2016-12-06 13:00:10,52
2016-12-06 13:00:19,55
2016-12-06 13:00:23,56
2016-12-06 13:00:25,57
2016-12-06 13:00:31,57
2016-12-06 13:00:36,57
2016-12-06 13:00:51,59
2016-12-06 13:00:57,58
2016-12-06 13:01:02,56
2016-12-06 13:01:03,56
2016-12-06 13:01:13,53
2016-12-06 13:01:17,52
2016-12-06 13:01:20,52
2016-12-06 13:01:25,53
2016-12-06 13:01:30,53
2016-12-06 13:01:35,53
2016-12-06 13:01:45,53
2016-12-06 13:01:50,53
2016-12-06 13:01:56,53
2016-12-06 13:01:57,53
2016-12-06 13:02:08,52
2016-12-06 13:02:13,51
2016-12-06 13:02:19,52
2016-12-06 13:02:21,52
2016-12-06 13:02:26,52
2016-12-06 13:02:30,52
2016-12-06 13:02:35,52
2016-12-06 13:02:40,52
2016-12-06 13:02:46,52
2016-12-06 13:02:51,53
2016-12-06 13:02:56,53
2016-12-06 13:03:01,53
2016-12-06 13:03:07,53
2016-12-06 13:03:11,53
2016-12-06 13:03:16,54
2016-12-06 13:03:22,53
2016-12-06 13:03:28,53
2016-12-06 13:03:33,53
2016-12-06 13:03:38,54
2016-12-06 13:03:42,54
2016-12-06 13:03:47,53
2016-12-06 13:03:52,53
2016-12-06 13:03:57,54
2016-12-06 13:04:07,54
2016-12-06 13:04:08,54
2016-12-06 13:04:14,54
2016-12-06 13:04:23,54
2016-12-06 13:04:26,54
2016-12-06 13:04:30,54
2016-12-06 13:04:39,54
2016-12-06 13:04:44,53
2016-12-06 13:04:45,53
2016-12-06 13:04:50,53
2016-12-06 13:04:55,54
2016-12-06 13:05:00,54
2016-12-06 13:05:05,57
2016-12-06 13:05:13,54
2016-12-06 13:05:19,55
2016-12-06 13:05:25,54
2016-12-06 13:05:30,54
2016-12-06 13:05:31,54
2016-12-06 13:05:36,55
2016-12-06 13:05:41,55
2016-12-06 13:05:46,55
2016-12-06 13:05:55,54
2016-12-06 13:06:01,52
2016-12-06 13:06:05,52
2016-12-06 13:06:12,53
2016-12-06 13:06:16,53
2016-12-06 13:06:18,53
2016-12-06 13:06:23,53
2016-12-06 13:06:28,58
2016-12-06 13:06:33,59
2016-12-06 13:06:46,57
2016-12-06 13:06:52,57
2016-12-06 13:06:58,55
2016-12-06 13:07:04,56
2016-12-06 13:07:08,56
2016-12-06 13:07:10,56
2016-12-06 13:07:15,54
2016-12-06 13:07:24,52
2016-12-06 13:07:28,53
2016-12-06 13:07:31,53
2016-12-06 13:07:36,52
2016-12-06 13:07:41,52
2016-12-06 13:07:46,53
2016-12-06 13:07:54,54
2016-12-06 13:07:57,54
2016-12-06 13:08:02,55
2016-12-06 13:08:07,54
2016-12-06 13:08:12,54
2016-12-06 13:08:17,64
2016-12-06 13:08:23,64
2016-12-06 13:08:32,64
2016-12-06 13:08:36,55
2016-12-06 13:08:53,68
2016-12-06 13:09:25,54
2016-12-06 13:09:30,55
2016-12-06 13:09:34,54
2016-12-06 13:09:41,54
2016-12-06 13:09:44,54
2016-12-06 13:09:47,54
2016-12-06 13:09:52,55
2016-12-06 13:09:57,56
2016-12-06 13:10:07,60
2016-12-06 13:10:12,58
2016-12-06 13:10:14,58
2016-12-06 13:10:21,58
2016-12-06 13:10:23,58
2016-12-06 13:10:29,58
2016-12-06 13:10:39,58
2016-12-06 13:10:44,59
2016-12-06 13:10:45,63
2016-12-06 13:10:52,65
2016-12-06 13:10:59,53
2016-12-06 13:11:06,53
2016-12-06 13:11:30,53
2016-12-06 13:11:35,55
2016-12-06 13:11:37,55
2016-12-06 13:11:41,55
2016-12-06 13:11:46,56
2016-12-06 13:11:54,59
2016-12-06 13:11:58,62
2016-12-06 13:12:02,62
2016-12-06 13:12:14,77
2016-12-06 13:12:23,76
2016-12-06 13:12:36,62
2016-12-06 13:12:37,61
2016-12-06 13:12:46,60
2016-12-06 13:12:52,60
2016-12-06 13:12:56,59
2016-12-06 13:12:59,60
2016-12-06 13:13:05,62
2016-12-06 13:13:12,64
2016-12-06 13:13:14,64
2016-12-06 13:13:19,65
2016-12-06 13:13:28,74
2016-12-06 13:13:31,74
2016-12-06 13:13:35,74
2016-12-06 13:13:48,77
2016-12-06 13:13:50,77
2016-12-06 13:14:21,63
2016-12-06 13:14:26,63
2016-12-06 13:14:27,63
2016-12-06 13:14:32,62
2016-12-06 13:14:41,61
2016-12-06 13:14:47,60
2016-12-06 13:14:48,60
2016-12-06 13:14:53,59
2016-12-06 13:15:03,60
2016-12-06 13:15:04,60
2016-12-06 13:15:09,61
2016-12-06 13:15:15,61
2016-12-06 13:15:21,54
2016-12-06 13:15:27,53
2016-12-06 13:15:42,78
2016-12-06 13:15:45,78
2016-12-06 13:15:48,78
2016-12-06 13:16:00,77
2016-12-06 13:16:07,69
2016-12-06 13:16:09,69
2016-12-06 13:16:16,76
2016-12-06 13:16:19,76
2016-12-06 13:16:24,76
2016-12-06 13:16:33,80
2016-12-06 13:16:34,80
2016-12-06 13:16:40,80
2016-12-06 13:16:46,81
2016-12-06 13:16:50,80
2016-12-06 13:16:57,78
2016-12-06 13:17:07,76
2016-12-06 13:17:12,74
2016-12-06 13:17:19,76
2016-12-06 13:17:25,74
2016-12-06 13:17:28,74
2016-12-06 13:17:37,78
2016-12-06 13:17:43,83
2016-12-06 13:17:46,83
2016-12-06 13:17:53,85
2016-12-06 13:17:54,85
2016-12-06 13:17:59,85
2016-12-06 13:18:09,72
2016-12-06 13:18:14,71
2016-12-06 13:18:17,72
2016-12-06 13:18:23,69
2016-12-06 13:18:26,69
2016-12-06 13:18:34,63
2016-12-06 13:18:36,63
2016-12-06 13:18:42,62
2016-12-06 13:18:47,63
2016-12-06 13:18:57,62
2016-12-06 13:19:03,63
2016-12-06 13:19:07,65
2016-12-06 13:19:10,65
2016-12-06 13:19:15,65
2016-12-06 13:19:25,52
2016-12-06 13:19:30,53
2016-12-06 13:19:35,54
2016-12-06 13:19:37,54
2016-12-06 13:19:45,56
2016-12-06 13:19:50,57
2016-12-06 13:19:54,58
2016-12-06 13:19:59,58
2016-12-06 13:20:03,58
2016-12-06 13:20:06,58
2016-12-06 13:20:12,58
2016-12-06 13:20:17,58
2016-12-06 13:20:22,58
2016-12-06 13:20:29,58
2016-12-06 13:20:33,59
2016-12-06 13:20:42,59
2016-12-06 13:20:45,59
2016-12-06 13:20:48,60
2016-12-06 13:21:01,60
2016-12-06 13:21:08,59
2016-12-06 13:21:11,59
2016-12-06 13:21:21,55
2016-12-06 13:21:22,55
2016-12-06 13:21:32,53
2016-12-06 13:21:35,53
2016-12-06 13:21:39,59
2016-12-06 13:21:48,62
2016-12-06 13:21:49,62
2016-12-06 13:22:10,78
2016-12-06 13:22:15,78
2016-12-06 13:22:16,78
2016-12-06 13:22:24,78
2016-12-06 13:22:29,77
2016-12-06 13:22:33,77
2016-12-06 13:22:39,77
2016-12-06 13:22:48,62
2016-12-06 13:22:53,64
2016-12-06 13:22:55,65
2016-12-06 13:23:03,65
2016-12-06 13:23:04,65
2016-12-06 13:23:13,64
2016-12-06 13:23:18,65
2016-12-06 13:23:23,60
2016-12-06 13:23:24,60
2016-12-06 13:23:30,59
2016-12-06 13:23:35,60
2016-12-06 13:23:44,64
2016-12-06 13:23:47,65
2016-12-06 13:23:53,64
2016-12-06 13:23:59,64
2016-12-06 13:24:01,64
2016-12-06 13:24:06,64
2016-12-06 13:24:15,64
2016-12-06 13:24:20,61
2016-12-06 13:24:23,61
2016-12-06 13:24:26,62
2016-12-06 13:24:35,62
2016-12-06 13:24:37,62
2016-12-06 13:24:43,62
2016-12-06 13:24:47,62
2016-12-06 13:24:56,67
2016-12-06 13:25:01,68
2016-12-06 13:25:03,68
2016-12-06 13:25:07,69
2016-12-06 13:25:12,69
2016-12-06 13:25:19,68
2016-12-06 13:25:26,65
2016-12-06 13:25:27,65
2016-12-06 13:25:32,67
2016-12-06 13:25:40,68
2016-12-06 13:25:43,68
2016-12-06 13:25:48,68
2016-12-06 13:25:54,69
2016-12-06 13:26:38,92
2016-12-06 13:26:43,91
2016-12-06 13:27:16,63
2016-12-06 13:27:18,64
2016-12-06 13:27:22,64
2016-12-06 13:27:42,77
2016-12-06 13:27:44,77
2016-12-06 13:27:50,77
2016-12-06 13:28:20,67
2016-12-06 13:28:25,69
2016-12-06 13:28:30,71
2016-12-06 13:28:36,71
2016-12-06 13:28:42,73
2016-12-06 13:28:50,77
2016-12-06 13:28:52,78
2016-12-06 13:29:00,78
2016-12-06 13:29:01,78
2016-12-06 13:29:09,78
2016-12-06 13:29:12,78
2016-12-06 13:29:32,77
2016-12-06 13:29:34,77
2016-12-06 13:29:42,73
2016-12-06 13:29:44,72
2016-12-06 13:29:49,72
2016-12-06 13:29:57,72
2016-12-06 13:29:59,72
2016-12-06 13:30:24,69
2016-12-06 13:30:29,69
2016-12-06 13:30:32,69
2016-12-06 13:30:35,69
2016-12-06 13:30:44,72
2016-12-06 13:30:49,60
2016-12-06 13:30:55,59
2016-12-06 13:31:00,58
2016-12-06 13:31:02,58
2016-12-06 13:31:13,57
2016-12-06 13:31:20,57
2016-12-06 13:31:21,57
2016-12-06 13:31:32,57
2016-12-06 13:31:33,57
2016-12-06 13:31:39,81
2016-12-06 13:31:48,78
2016-12-06 13:31:50,78
2016-12-06 13:31:55,78
2016-12-06 13:32:00,78
2016-12-06 13:32:09,107
2016-12-06 13:32:11,107
2016-12-06 13:32:20,108
2016-12-06 13:32:24,109
2016-12-06 13:32:26,109
2016-12-06 13:32:31,107
2016-12-06 13:32:36,107
2016-12-06 13:32:41,107
2016-12-06 13:32:53,107
2016-12-06 13:33:46,52
2016-12-06 13:33:51,51
2016-12-06 13:33:56,51
2016-12-06 13:34:01,51
2016-12-06 13:34:03,52
2016-12-06 13:34:11,52
2016-12-06 13:34:17,52
2016-12-06 13:34:19,52
2016-12-06 13:34:24,52
2016-12-06 13:34:33,55
2016-12-06 13:34:35,55
2016-12-06 13:34:44,56
2016-12-06 13:34:50,55
2016-12-06 13:34:55,55
2016-12-06 13:35:00,55
2016-12-06 13:35:01,55
2016-12-06 13:35:06,55
2016-12-06 13:35:11,55
2016-12-06 13:35:16,55
2016-12-06 13:35:22,55
2016-12-06 13:35:32,55
2016-12-06 13:35:37,55
2016-12-06 13:35:41,55
2016-12-06 13:35:43,55
2016-12-06 13:35:48,55
2016-12-06 13:35:59,56
2016-12-06 13:36:47,86
2016-12-06 13:36:49,85
2016-12-06 13:37:03,59
2016-12-06 13:38:40,65
2016-12-06 13:38:46,60
2016-12-06 13:38:51,62
2016-12-06 13:38:55,61
2016-12-06 13:38:58,61
2016-12-06 13:40:21,81
2016-12-06 13:40:24,57
2016-12-06 13:40:27,58
2016-12-06 13:44:58,61
2016-12-06 13:45:03,59
2016-12-06 13:45:09,59
2016-12-06 13:45:15,57
2016-12-06 13:45:19,56
2016-12-06 13:45:21,56
2016-12-06 13:48:13,65
2016-12-06 13:48:18,63
2016-12-06 13:48:19,62
2016-12-06 13:48:29,58
2016-12-06 13:48:31,58
2016-12-06 13:48:36,57
2016-12-06 13:48:44,56
2016-12-06 13:48:49,55
2016-12-06 13:49:58,56
2016-12-06 13:50:02,56
2016-12-06 13:50:08,57
2016-12-06 13:50:14,59
2016-12-06 13:50:16,59
2016-12-06 13:50:25,62
2016-12-06 13:51:56,65
2016-12-06 13:51:59,65
2016-12-06 13:52:06,64
2016-12-06 13:52:19,62
2016-12-06 13:52:21,63
2016-12-06 13:52:29,62
2016-12-06 13:53:42,92
2016-12-06 13:53:44,81
2016-12-06 13:53:49,88
2016-12-06 13:53:53,86
2016-12-06 13:54:54,74
2016-12-06 13:55:09,55
2016-12-06 13:55:14,54
2016-12-06 13:55:17,54
2016-12-06 13:56:23,63
2016-12-06 13:56:27,65
2016-12-06 13:56:33,55
2016-12-06 13:56:38,54
2016-12-06 13:56:44,53
2016-12-06 13:56:45,53
2016-12-06 13:58:26,111
2016-12-06 13:58:28,113
2016-12-06 13:58:35,81
2016-12-06 13:58:57,59
2016-12-06 14:07:46,77
2016-12-06 14:07:49,77
2016-12-06 14:07:56,74
2016-12-06 14:07:58,74
2016-12-06 14:08:02,77
2016-12-06 14:08:50,88
2016-12-06 14:08:55,74
2016-12-06 14:09:05,52
2016-12-06 14:09:06,52
2016-12-06 14:09:15,51
2016-12-06 14:09:31,65
2016-12-06 14:09:35,55
2016-12-06 14:09:37,54
2016-12-06 14:10:21,103
2016-12-06 14:10:25,81
2016-12-06 14:10:32,51
2016-12-06 14:10:36,51
2016-12-06 14:10:43,51
2016-12-06 14:10:49,52
2016-12-06 14:10:50,52
2016-12-06 14:13:41,52
2016-12-06 14:16:40,61
2016-12-06 14:16:45,60
2016-12-06 14:16:46,59
2016-12-06 14:16:51,59
2016-12-06 14:17:01,52
2016-12-06 14:17:05,54
2016-12-06 14:17:11,60
2016-12-06 14:17:15,60
2016-12-06 14:18:25,59
2016-12-06 14:18:30,55
2016-12-06 14:18:35,52
2016-12-06 14:18:40,51
2016-12-06 14:18:43,51
2016-12-06 14:18:46,51
2016-12-06 14:18:54,51
2016-12-06 14:19:45,88
2016-12-06 14:19:50,81
2016-12-06 14:19:56,69
2016-12-06 14:20:00,68
2016-12-06 14:20:03,67
2016-12-06 14:20:08,65
2016-12-06 14:21:04,69
2016-12-06 14:21:10,51
2016-12-06 14:21:12,51
2016-12-06 14:21:16,51
2016-12-06 14:21:21,51
2016-12-06 14:21:31,52
2016-12-06 14:22:04,55
2016-12-06 14:22:05,53
2016-12-06 14:22:14,67
2016-12-06 14:22:16,65
2016-12-06 14:22:26,65
2016-12-06 14:23:43,97
2016-12-06 14:23:48,97
2016-12-06 14:24:11,65
2016-12-06 14:26:51,81
2016-12-06 14:27:06,59
2016-12-06 14:28:17,83
2016-12-06 14:28:21,81
2016-12-06 14:28:26,88
2016-12-06 14:28:33,53
2016-12-06 14:28:38,52
2016-12-06 14:28:42,52
2016-12-06 14:28:45,52
2016-12-06 14:30:45,61
2016-12-06 14:30:49,55
2016-12-06 14:30:52,54
2016-12-06 14:30:57,55
2016-12-06 14:31:02,55
2016-12-06 14:31:07,54
2016-12-06 14:31:36,81
2016-12-06 14:31:41,65
2016-12-06 14:31:56,57
2016-12-06 14:32:01,54
2016-12-06 14:35:03,80
2016-12-06 14:35:07,80
2016-12-06 14:35:11,82
2016-12-06 14:35:15,81
2016-12-06 14:37:03,101
2016-12-06 14:37:07,88
2016-12-06 14:37:18,50
2016-12-06 14:37:23,50
2016-12-06 14:38:03,107
2016-12-06 14:38:08,97
2016-12-06 14:38:14,56
2016-12-06 14:38:17,56
2016-12-06 14:38:20,56
2016-12-06 14:38:28,57
2016-12-06 14:38:30,57
2016-12-06 14:38:41,57
2016-12-06 14:44:04,52
2016-12-06 14:45:44,55
2016-12-06 14:51:47,62
2016-12-06 14:51:50,63
2016-12-06 14:51:58,63
2016-12-06 14:52:00,63
2016-12-06 14:52:26,184
2016-12-06 14:54:57,97
2016-12-06 14:55:00,53
2016-12-06 14:55:06,53
2016-12-06 14:55:11,53
2016-12-06 14:55:18,54
2016-12-06 14:55:23,54
2016-12-06 14:57:08,54
2016-12-06 14:57:13,56
2016-12-06 14:57:16,55
2016-12-06 14:57:19,54
2016-12-06 14:57:26,53
2016-12-06 14:57:29,53
2016-12-06 14:57:34,52
2016-12-06 14:58:38,59
2016-12-06 14:58:45,58
2016-12-06 14:59:33,61
2016-12-06 14:59:39,54
2016-12-06 14:59:45,53
2016-12-06 14:59:46,53
2016-12-06 14:59:52,53
2016-12-06 15:00:01,54
2016-12-06 15:00:03,55
2016-12-06 15:00:41,56
2016-12-06 15:00:46,56
2016-12-06 15:00:47,57
2016-12-06 15:00:53,58
2016-12-06 15:01:02,57
2016-12-06 15:01:04,57
2016-12-06 15:01:13,58
2016-12-06 15:01:23,56
2016-12-06 15:01:28,61
2016-12-06 15:01:33,56
2016-12-06 15:01:39,57
2016-12-06 15:01:44,53
2016-12-06 15:01:49,53
2016-12-06 15:01:54,54
2016-12-06 15:01:58,54
2016-12-06 15:03:13,74
2016-12-06 15:03:16,58
2016-12-06 15:03:23,90
2016-12-06 15:03:25,90
2016-12-06 15:03:34,89
2016-12-06 15:03:35,89
2016-12-06 15:04:30,100
2016-12-06 15:04:31,99
2016-12-06 15:04:45,96
2016-12-06 15:04:50,96
2016-12-06 15:10:26,54
2016-12-06 15:19:22,61
2016-12-06 15:19:25,60
2016-12-06 15:19:31,59
2016-12-06 15:19:38,63
2016-12-06 15:24:14,51
2016-12-06 15:28:54,50
2016-12-06 15:31:28,51
2016-12-06 15:37:23,55
2016-12-06 15:42:19,63
2016-12-06 15:45:41,78
2016-12-06 15:54:29,78
2016-12-06 15:57:19,57
2016-12-06 16:03:06,54
2016-12-06 16:14:11,52
2016-12-06 16:19:09,52
2016-12-06 16:22:19,50
2016-12-06 16:30:24,53
2016-12-06 16:35:50,57
2016-12-06 16:41:03,55
2016-12-06 16:43:55,71
2016-12-06 16:50:37,73
2016-12-06 17:07:08,73
2016-12-06 17:12:18,104
2016-12-06 17:12:23,103
2016-12-06 17:12:28,104
2016-12-06 17:12:33,105
2016-12-06 17:12:38,104
2016-12-06 17:15:38,161
2016-12-06 17:15:43,161
2016-12-06 17:15:44,161
2016-12-06 17:15:51,149
2016-12-06 17:16:03,158
2016-12-06 17:16:04,158
2016-12-06 17:16:09,160
2016-12-06 17:16:39,167
2016-12-06 17:16:40,167
2016-12-06 17:16:45,167
2016-12-06 17:16:50,167
2016-12-06 17:17:03,167
2016-12-06 17:17:06,167
2016-12-06 17:17:12,166
2016-12-06 17:17:33,149
2016-12-06 17:17:34,149
2016-12-06 17:17:48,158
2016-12-06 17:17:53,158
2016-12-06 17:17:58,158
2016-12-06 17:18:00,158
2016-12-06 17:18:04,158
2016-12-06 17:18:13,162
2016-12-06 17:18:15,161
2016-12-06 17:18:22,160
2016-12-06 17:18:24,160
2016-12-06 17:18:30,160
2016-12-06 17:18:40,158
2016-12-06 17:18:43,158
2016-12-06 17:18:46,159
2016-12-06 17:18:51,159
2016-12-06 17:19:00,159
2016-12-06 17:19:01,159
2016-12-06 17:19:10,158
2016-12-06 17:19:12,158
2016-12-06 17:19:21,158
2016-12-06 17:19:25,158
2016-12-06 17:19:28,158
2016-12-06 17:19:32,158
2016-12-06 17:19:41,158
2016-12-06 17:19:45,158
2016-12-06 17:19:48,158
2016-12-06 17:19:54,159
2016-12-06 17:19:59,158
2016-12-06 17:20:08,159
2016-12-06 17:20:11,158
2016-12-06 17:20:14,158
2016-12-06 17:20:19,158
2016-12-06 17:20:28,157
2016-12-06 17:20:33,158
2016-12-06 17:20:39,158
2016-12-06 17:20:43,157
2016-12-06 17:20:45,158
2016-12-06 17:20:51,158
2016-12-06 17:20:56,157
2016-12-06 17:21:01,157
2016-12-06 17:21:11,158
2016-12-06 17:21:16,162
2016-12-06 17:21:17,162
2016-12-06 17:21:25,162
2016-12-06 17:21:27,162
2016-12-06 17:21:32,159
2016-12-06 17:21:41,164
2016-12-06 17:21:45,164
2016-12-06 17:21:47,164
2016-12-06 17:21:52,167
2016-12-06 17:22:07,162
2016-12-06 17:22:12,161
2016-12-06 17:22:15,161
2016-12-06 17:22:18,161
2016-12-06 17:22:23,161
2016-12-06 17:22:32,162
2016-12-06 17:22:33,164
2016-12-06 17:22:42,167
2016-12-06 17:22:47,167
2016-12-06 17:22:49,167
2016-12-06 17:22:57,166
2016-12-06 17:22:59,167
2016-12-06 17:23:09,167
2016-12-06 17:23:10,167
2016-12-06 17:23:19,170
2016-12-06 17:23:24,170
2016-12-06 17:23:28,170
2016-12-06 17:23:30,170
2016-12-06 17:23:35,169
2016-12-06 17:23:41,168
2016-12-06 17:23:46,170
2016-12-06 17:23:52,171
2016-12-06 17:23:58,170
2016-12-06 17:24:03,169
2016-12-06 17:24:08,170
2016-12-06 17:24:18,167
2016-12-06 17:24:23,167
2016-12-06 17:24:27,167
2016-12-06 17:24:30,168
2016-12-06 17:24:35,168
2016-12-06 17:24:45,170
2016-12-06 17:24:47,170
2016-12-06 17:24:51,169
2016-12-06 17:25:00,169
2016-12-06 17:25:06,169
2016-12-06 17:25:12,169
2016-12-06 17:25:15,169
2016-12-06 17:25:19,169
2016-12-06 17:25:28,171
2016-12-06 17:25:29,171
2016-12-06 17:25:36,173
2016-12-06 17:25:42,176
2016-12-06 17:25:46,176
2016-12-06 17:25:54,176
2016-12-06 17:25:58,177
2016-12-06 17:26:01,177
2016-12-06 17:26:05,177
2016-12-06 17:26:10,177
2016-12-06 17:26:15,177
2016-12-06 17:26:24,176
2016-12-06 17:26:26,176
2016-12-06 17:26:32,176
2016-12-06 17:26:36,176
2016-12-06 17:26:40,176
2016-12-06 17:26:45,176
2016-12-06 17:26:51,176
2016-12-06 17:27:00,176
2016-12-06 17:27:06,176
2016-12-06 17:27:11,176
2016-12-06 17:27:14,176
2016-12-06 17:27:18,176
2016-12-06 17:27:23,176
2016-12-06 17:27:30,176
2016-12-06 17:27:34,176
2016-12-06 17:27:38,176
2016-12-06 17:27:43,176
2016-12-06 17:27:49,171
2016-12-06 17:27:59,171
2016-12-06 17:28:00,171
2016-12-06 17:28:05,171
2016-12-06 17:28:11,171
2016-12-06 17:28:16,171
2016-12-06 17:28:22,170
2016-12-06 17:28:31,167
2016-12-06 17:28:35,165
2016-12-06 17:28:42,165
2016-12-06 17:28:48,165
2016-12-06 17:28:50,165
2016-12-06 17:28:58,164
2016-12-06 17:28:59,164
2016-12-06 17:29:04,164
2016-12-06 17:29:09,164
2016-12-06 17:29:17,165
2016-12-06 17:29:20,165
2016-12-06 17:29:29,164
2016-12-06 17:29:32,165
2016-12-06 17:29:38,167
2016-12-06 17:29:41,167
2016-12-06 17:29:50,171
2016-12-06 17:29:54,173
2016-12-06 17:29:56,173
2016-12-06 17:30:05,173
2016-12-06 17:30:09,174
2016-12-06 17:30:11,173
2016-12-06 17:30:16,173
2016-12-06 17:30:26,173
2016-12-06 17:30:32,174
2016-12-06 17:30:36,175
2016-12-06 17:30:38,175
2016-12-06 17:30:43,174
2016-12-06 17:30:52,170
2016-12-06 17:30:57,171
2016-12-06 17:31:02,169
2016-12-06 17:31:04,169
2016-12-06 17:31:09,170
2016-12-06 17:31:14,170
2016-12-06 17:31:19,170
2016-12-06 17:31:24,171
2016-12-06 17:31:29,170
2016-12-06 17:31:38,167
2016-12-06 17:31:39,167
2016-12-06 17:31:48,169
2016-12-06 17:31:54,169
2016-12-06 17:31:59,168
2016-12-06 17:32:00,167
2016-12-06 17:32:10,167
2016-12-06 17:32:12,167
2016-12-06 17:32:17,167
2016-12-06 17:32:22,167
2016-12-06 17:32:30,173
2016-12-06 17:32:32,173
2016-12-06 17:32:37,174
2016-12-06 17:32:42,173
2016-12-06 17:32:51,175
2016-12-06 17:32:56,175
2016-12-06 17:32:57,175
2016-12-06 17:33:10,176
2016-12-06 17:33:16,176
2016-12-06 17:33:18,176
2016-12-06 17:33:27,176
2016-12-06 17:33:32,176
2016-12-06 17:33:34,176
2016-12-06 17:33:39,176
2016-12-06 17:33:47,176
2016-12-06 17:33:52,176
2016-12-06 17:33:53,176
2016-12-06 17:33:58,174
2016-12-06 17:34:04,173
2016-12-06 17:34:08,174
2016-12-06 17:34:13,174
2016-12-06 17:34:21,173
2016-12-06 17:34:23,173
2016-12-06 17:34:29,171
2016-12-06 17:34:38,174
2016-12-06 17:34:44,176
2016-12-06 17:34:50,175
2016-12-06 17:34:52,174
2016-12-06 17:34:56,174
2016-12-06 17:35:02,174
2016-12-06 17:35:07,174
2016-12-06 17:35:16,175
2016-12-06 17:35:20,176
2016-12-06 17:35:22,176
2016-12-06 17:35:37,164
2016-12-06 17:36:32,175
2016-12-06 17:36:35,174
2016-12-06 17:36:38,174
2016-12-06 17:36:44,173
2016-12-06 17:37:03,170
2016-12-06 17:37:08,171
2016-12-06 17:37:13,171
2016-12-06 17:37:18,171
2016-12-06 17:37:19,171
2016-12-06 17:37:28,170
2016-12-06 17:37:33,169
2016-12-06 17:37:34,169
2016-12-06 17:37:40,168
2016-12-06 17:37:54,169
2016-12-06 17:37:57,169
2016-12-06 17:38:02,171
2016-12-06 17:38:07,171
2016-12-06 17:38:12,174
2016-12-06 17:38:22,173
2016-12-06 17:38:24,173
2016-12-06 17:38:34,171
2016-12-06 17:38:37,171
2016-12-06 17:38:40,174
2016-12-06 17:38:45,175
2016-12-06 17:38:50,175
2016-12-06 17:39:00,180
2016-12-06 17:39:05,179
2016-12-06 17:39:10,178
2016-12-06 17:39:11,177
2016-12-06 17:39:21,179
2016-12-06 17:39:26,179
2016-12-06 17:39:27,179
2016-12-06 17:39:32,179
2016-12-06 17:39:37,179
2016-12-06 17:39:45,179
2016-12-06 17:39:48,178
2016-12-06 17:39:54,179
2016-12-06 17:39:59,179
2016-12-06 17:40:04,179
2016-12-06 17:40:13,180
2016-12-06 17:40:14,180
2016-12-06 17:40:24,179
2016-12-06 17:40:27,179
2016-12-06 17:40:30,179
2016-12-06 17:40:35,178
2016-12-06 17:40:40,178
2016-12-06 17:41:16,176
2016-12-06 17:41:21,174
2016-12-06 17:41:25,173
2016-12-06 17:41:31,167
2016-12-06 17:41:32,167
2016-12-06 17:41:37,167
2016-12-06 17:41:47,159
2016-12-06 17:41:53,155
2016-12-06 17:41:58,152
2016-12-06 17:41:59,152
2016-12-06 17:42:09,147
2016-12-06 17:42:14,143
2016-12-06 17:42:15,143
2016-12-06 17:42:20,140
2016-12-06 17:42:26,139
2016-12-06 17:42:30,139
2016-12-06 17:42:35,139
2016-12-06 17:42:41,139
2016-12-06 17:42:46,139
2016-12-06 17:42:52,139
2016-12-06 17:42:57,139
2016-12-06 17:43:03,130
2016-12-06 17:43:12,130
2016-12-06 17:43:18,130
2016-12-06 17:43:23,126
2016-12-06 17:43:28,125
2016-12-06 17:43:29,125
2016-12-06 17:43:38,126
2016-12-06 17:43:44,125
2016-12-06 17:43:49,124
2016-12-06 17:43:55,120
2016-12-06 17:43:57,120
2016-12-06 17:49:12,81
2016-12-06 17:50:34,99
2016-12-06 17:51:44,97
2016-12-06 18:02:34,113
2016-12-06 18:07:44,102
2016-12-06 18:18:24,92
2016-12-06 18:21:39,83
2016-12-06 21:32:44,55
2016-12-06 21:41:00,63
2016-12-06 21:42:21,68
2016-12-06 21:43:38,55
2016-12-06 21:54:45,54
2016-12-06 21:56:17,53
2016-12-06 21:57:55,56
2016-12-06 22:00:50,74
2016-12-06 22:10:06,51
2016-12-06 22:10:14,69
2016-12-06 22:11:58,48
2016-12-06 22:12:01,47
2016-12-06 22:12:07,61
2016-12-06 22:12:11,83
2016-12-06 22:12:54,88
2016-12-06 22:13:00,74
2016-12-06 22:13:05,73
2016-12-06 22:13:06,73
2016-12-06 22:13:15,74
2016-12-06 22:13:19,73
2016-12-06 22:14:28,57
2016-12-06 22:14:32,55
2016-12-06 22:14:37,55
2016-12-06 22:14:44,54
2016-12-06 22:14:50,53
2016-12-06 22:14:55,54
2016-12-06 22:14:57,54
2016-12-06 22:16:19,61
2016-12-06 22:16:23,54
2016-12-06 22:16:28,54
2016-12-06 22:16:32,53
2016-12-06 22:16:35,53
2016-12-06 22:16:44,54
2016-12-06 22:16:49,53
2016-12-06 22:19:38,54
2016-12-06 22:19:42,54
2016-12-06 22:19:47,53
2016-12-06 22:19:53,52
2016-12-06 22:19:56,53
2016-12-06 22:19:59,53
2016-12-06 22:20:08,53
2016-12-06 22:22:07,96
2016-12-06 22:22:11,88
2016-12-06 22:22:16,74
2016-12-06 22:22:22,51
2016-12-06 22:22:27,51
2016-12-06 22:22:33,51
2016-12-06 22:23:54,89
2016-12-06 22:24:02,62
2016-12-06 22:24:09,64
2016-12-06 22:24:10,65
2016-12-06 22:24:19,64
2016-12-06 22:24:20,64
2016-12-06 22:25:17,88
2016-12-06 22:25:21,51
2016-12-06 22:25:23,52
2016-12-06 22:25:28,51
2016-12-06 22:25:37,52
2016-12-06 22:27:40,55
2016-12-06 22:27:45,54
2016-12-06 22:27:50,52
2016-12-06 22:27:55,51
2016-12-06 22:27:57,51
2016-12-06 22:28:01,51
2016-12-06 22:28:51,88
2016-12-06 22:28:55,50
2016-12-06 22:29:01,51
2016-12-06 22:29:06,51
2016-12-06 22:29:07,51
2016-12-06 22:30:30,51
2016-12-06 22:30:34,53
2016-12-06 22:30:39,54
2016-12-06 22:30:45,53
2016-12-06 22:30:47,54
2016-12-06 22:30:51,54
2016-12-06 22:30:57,54
2016-12-06 22:31:21,77
2016-12-06 22:31:27,74
2016-12-06 22:31:28,74
2016-12-06 22:31:37,58
2016-12-06 22:31:38,57
2016-12-06 22:31:48,58
2016-12-06 22:37:04,81
2016-12-06 22:37:09,74
2016-12-06 22:37:14,51
2016-12-06 22:37:19,53
2016-12-06 22:37:24,53
2016-12-06 22:37:25,53
2016-12-06 22:37:30,52
2016-12-06 22:38:40,57
2016-12-06 22:38:44,54
2016-12-06 22:38:50,54
2016-12-06 22:38:55,54
2016-12-06 22:40:51,52
2016-12-06 22:40:56,49
2016-12-06 22:41:01,50
2016-12-06 22:41:02,50
2016-12-06 22:41:08,50
2016-12-06 22:41:17,51
2016-12-06 22:41:22,50
2016-12-06 22:46:14,59
2016-12-06 22:46:19,58
2016-12-06 22:46:25,56
2016-12-06 22:46:29,56
2016-12-06 22:46:31,56
2016-12-06 22:46:40,55
2016-12-06 22:46:45,54
2016-12-06 22:49:48,65
2016-12-06 22:49:52,61
2016-12-06 22:49:54,60
2016-12-06 22:50:04,59
2016-12-06 22:50:09,55
2016-12-06 22:50:14,55
2016-12-06 22:50:18,55
2016-12-06 22:51:27,81
2016-12-06 22:51:32,97
2016-12-06 22:51:37,53
2016-12-06 22:51:42,53
2016-12-06 22:51:47,54
2016-12-06 22:51:52,55
2016-12-06 22:53:27,56
2016-12-06 22:53:28,57
2016-12-06 22:53:34,57
2016-12-06 22:53:44,105
2016-12-06 22:53:45,106
2016-12-06 22:55:29,60
2016-12-06 22:55:32,59
2016-12-06 22:55:38,57
2016-12-06 22:55:44,60
2016-12-06 22:55:50,58
2016-12-06 22:55:55,56
2016-12-06 22:56:00,54
2016-12-06 23:00:27,88
2016-12-06 23:00:32,88
2016-12-06 23:01:31,59
2016-12-06 23:01:37,57
2016-12-06 23:01:42,53
2016-12-06 23:01:47,52
2016-12-06 23:01:49,53
2016-12-06 23:01:53,53
2016-12-06 23:02:02,54
2016-12-06 23:02:16,48
2016-12-06 23:02:21,44
2016-12-06 23:02:22,45
2016-12-06 23:02:32,56
2016-12-06 23:02:37,58
2016-12-06 23:02:43,56
2016-12-06 23:02:48,57
2016-12-06 23:03:23,59
2016-12-06 23:03:28,59
2016-12-06 23:03:33,63
2016-12-06 23:03:36,62
2016-12-06 23:03:43,64
2016-12-06 23:03:44,64
2016-12-06 23:03:50,60
2016-12-06 23:05:19,88
2016-12-06 23:05:23,49
2016-12-06 23:05:28,50
2016-12-06 23:05:33,50
2016-12-06 23:05:35,50
2016-12-06 23:05:45,53
2016-12-06 23:05:47,54
2016-12-06 23:07:58,63
2016-12-06 23:08:03,59
2016-12-06 23:08:07,58
2016-12-06 23:08:13,58
2016-12-06 23:08:14,58
2016-12-06 23:08:30,57
2016-12-06 23:08:35,59
2016-12-06 23:08:37,59
2016-12-06 23:08:46,53
2016-12-06 23:08:51,52
2016-12-06 23:08:57,51
2016-12-06 23:09:02,51
2016-12-06 23:10:29,54
2016-12-06 23:10:41,52
2016-12-06 23:13:46,65
2016-12-06 23:13:47,81
2016-12-06 23:13:52,74
2016-12-06 23:13:57,62
2016-12-06 23:14:06,61
2016-12-06 23:14:11,59
2016-12-06 23:14:13,59
2016-12-06 23:14:55,68
2016-12-06 23:15:00,67
2016-12-06 23:15:04,67
2016-12-06 23:15:08,61
2016-12-06 23:15:13,63
2016-12-06 23:15:21,61
2016-12-06 23:15:23,61
2016-12-06 23:15:49,62
2016-12-06 23:15:53,62
2016-12-06 23:16:00,57
2016-12-06 23:16:01,56
2016-12-06 23:16:11,57
2016-12-06 23:16:17,53
2016-12-06 23:16:50,74
2016-12-06 23:16:51,76
2016-12-06 23:16:59,81
2016-12-06 23:17:06,51
2016-12-06 23:17:12,52
2016-12-06 23:17:17,52
2016-12-06 23:17:19,52
2016-12-06 23:17:33,63
2016-12-06 23:17:37,69
2016-12-06 23:17:43,67
2016-12-06 23:17:44,68
2016-12-06 23:17:52,63
2016-12-06 23:17:54,63
2016-12-06 23:18:43,90
2016-12-06 23:18:48,87
2016-12-06 23:19:51,116
2016-12-06 23:20:22,63
2016-12-06 23:20:23,64
2016-12-06 23:21:35,109
2016-12-06 23:21:37,109
2016-12-06 23:21:45,74
2016-12-06 23:21:46,74
2016-12-06 23:21:52,72
2016-12-06 23:22:01,71
2016-12-06 23:22:06,69
2016-12-06 23:22:48,68
2016-12-06 23:22:52,68
2016-12-06 23:22:58,74
2016-12-06 23:23:03,78
2016-12-06 23:25:24,86
2016-12-06 23:25:28,89
2016-12-06 23:25:30,89
2016-12-06 23:25:35,87
2016-12-06 23:28:16,65
2016-12-06 23:28:27,68
2016-12-06 23:30:06,62
2016-12-06 23:30:11,61
2016-12-06 23:30:14,62
2016-12-06 23:30:21,65
2016-12-06 23:30:26,65
2016-12-06 23:31:11,68
2016-12-06 23:31:13,65
2016-12-06 23:39:29,50
2016-12-06 23:39:34,48
2016-12-06 23:39:39,48
2016-12-06 23:39:44,48
2016-12-06 23:39:49,49
2016-12-06 23:45:22,45
2016-12-06 23:50:31,44
2016-12-07 00:00:59,43
2016-12-07 00:08:06,43
2016-12-07 00:11:46,43
2016-12-07 00:14:51,44
2016-12-07 00:21:14,44
2016-12-07 00:26:51,44
2016-12-07 00:30:51,45
2016-12-07 00:32:29,45
2016-12-07 00:44:24,46
2016-12-07 00:49:29,45
2016-12-07 00:56:49,88
2016-12-07 01:02:34,89
2016-12-07 01:07:34,47
2016-12-07 01:17:19,90
2016-12-07 01:26:12,81
2016-12-07 01:32:12,83
2016-12-07 01:35:19,49
2016-12-07 01:43:55,46
2016-12-07 01:46:32,46
2016-12-07 01:53:17,44
2016-12-07 01:55:32,45
2016-12-07 02:05:50,45
2016-12-07 02:07:32,49
2016-12-07 02:17:10,46
2016-12-07 02:18:37,49
2016-12-07 02:26:57,46
2016-12-07 02:32:05,49
2016-12-07 02:42:58,48
2016-12-07 02:44:30,49
2016-12-07 02:47:10,49
2016-12-07 02:54:30,49
2016-12-07 03:00:25,46
2016-12-07 03:14:18,46
2016-12-07 03:16:33,49
2016-12-07 03:21:33,49
2016-12-07 03:26:48,47
2016-12-07 03:34:08,48
2016-12-07 03:44:41,47
2016-12-07 03:46:33,47
2016-12-07 03:53:33,46
2016-12-07 03:56:23,46
2016-12-07 04:04:31,46
2016-12-07 04:10:43,47
2016-12-07 04:13:46,46
2016-12-07 04:16:31,46
2016-12-07 04:23:11,45
2016-12-07 04:27:16,45
2016-12-07 04:35:06,45
2016-12-07 04:39:19,44
2016-12-07 04:45:41,49
2016-12-07 04:49:01,47
2016-12-07 04:53:51,47
2016-12-07 04:55:04,47
2016-12-07 05:08:02,47
2016-12-07 05:09:04,49
2016-12-07 05:12:49,47
2016-12-07 05:17:19,46
2016-12-07 05:22:32,46
2016-12-07 05:27:09,44
2016-12-07 05:33:22,48
2016-12-07 05:39:47,46
2016-12-07 05:43:45,50
2016-12-07 05:54:16,43
2016-12-07 05:55:46,46
2016-12-07 06:56:14,55
2016-12-07 07:04:41,54
2016-12-07 07:09:51,59
2016-12-07 07:14:51,57
2016-12-07 07:21:54,61
2016-12-07 07:23:44,64
2016-12-07 07:28:46,60
2016-12-07 07:39:14,60
2016-12-07 07:40:39,61
2016-12-07 07:46:22,64
2016-12-07 07:51:07,76
2016-12-07 07:55:24,71
2016-12-07 07:58:19,67
2016-12-07 08:04:04,88
2016-12-07 08:06:57,76
2016-12-07 08:15:54,58
2016-12-07 08:19:24,58
2016-12-07 08:31:24,58
2016-12-07 08:34:39,55
2016-12-07 08:39:44,61
2016-12-07 08:45:02,58
2016-12-07 08:52:12,56
2016-12-07 08:54:07,58
2016-12-07 09:00:22,74
2016-12-07 09:04:12,61
2016-12-07 09:09:15,56
2016-12-07 09:15:10,61
2016-12-07 09:21:52,58
2016-12-07 09:23:00,61
2016-12-07 09:25:32,56
2016-12-07 09:34:25,61
2016-12-07 09:37:57,73
2016-12-07 09:42:42,65
2016-12-07 09:49:55,57
2016-12-07 09:55:05,65
2016-12-07 09:58:20,83
2016-12-07 10:04:13,61
2016-12-07 10:09:30,70
2016-12-07 10:12:57,88
2016-12-07 10:13:01,71
2016-12-07 10:13:06,69
2016-12-07 10:16:02,59
2016-12-07 10:22:15,63
2016-12-07 10:27:54,57
2016-12-07 10:34:14,65
2016-12-07 10:36:42,52
2016-12-07 10:41:14,59
2016-12-07 10:42:32,59
2016-12-07 10:49:29,57
2016-12-07 10:58:17,54
2016-12-07 11:01:54,55
2016-12-07 11:04:55,58
2016-12-07 11:15:27,58
2016-12-07 11:17:50,83
2016-12-07 11:23:27,57
2016-12-07 11:33:37,73
2016-12-07 11:34:34,55
2016-12-07 11:40:44,48
2016-12-07 11:49:21,56
2016-12-07 11:58:34,66
2016-12-07 12:03:04,54
2016-12-07 12:05:06,56
2016-12-07 12:12:34,67
2016-12-07 12:12:40,64
2016-12-07 12:12:45,59
2016-12-07 12:12:50,59
2016-12-07 12:12:55,59
2016-12-07 12:13:00,59
2016-12-07 12:13:05,59
2016-12-07 12:13:06,59
2016-12-07 12:14:46,41
2016-12-07 12:14:52,59
2016-12-07 12:14:57,61
2016-12-07 12:15:02,59
2016-12-07 12:15:08,59
2016-12-07 12:15:09,59
2016-12-07 12:15:48,61
2016-12-07 12:15:53,59
2016-12-07 12:15:58,59
2016-12-07 12:15:59,59
2016-12-07 12:16:08,56
2016-12-07 12:16:13,55
2016-12-07 12:16:18,55
2016-12-07 12:16:41,62
2016-12-07 12:16:46,62
2016-12-07 12:16:52,56
2016-12-07 12:16:55,56
2016-12-07 12:17:14,74
2016-12-07 12:17:19,78
2016-12-07 12:17:22,77
2016-12-07 12:17:29,92
2016-12-07 12:17:30,91
2016-12-07 12:17:36,91
2016-12-07 12:18:21,56
2016-12-07 12:18:26,57
2016-12-07 12:18:27,59
2016-12-07 12:18:36,57
2016-12-07 12:18:40,56
2016-12-07 12:18:46,56
2016-12-07 12:18:51,56
2016-12-07 12:19:57,59
2016-12-07 12:20:02,59
2016-12-07 12:20:07,59
2016-12-07 12:20:12,62
2016-12-07 12:20:13,64
2016-12-07 12:20:19,65
2016-12-07 12:20:55,109
2016-12-07 12:20:57,61
2016-12-07 12:21:03,51
2016-12-07 12:21:07,51
2016-12-07 12:21:15,51
2016-12-07 12:21:22,53
2016-12-07 12:23:02,77
2016-12-07 12:23:03,81
2016-12-07 12:23:12,60
2016-12-07 12:23:17,59
2016-12-07 12:23:30,69
2016-12-07 12:23:34,71
2016-12-07 12:23:41,71
2016-12-07 12:23:46,69
2016-12-07 12:23:49,69
2016-12-07 12:23:52,69
2016-12-07 12:24:10,67
2016-12-07 12:24:14,68
2016-12-07 12:24:19,69
2016-12-07 12:24:25,68
2016-12-07 12:24:30,67
2016-12-07 12:24:31,67
2016-12-07 12:26:23,81
2016-12-07 12:26:28,81
2016-12-07 12:26:35,76
2016-12-07 12:26:37,74
2016-12-07 12:26:47,60
2016-12-07 12:26:52,60
2016-12-07 12:26:57,60
2016-12-07 12:28:48,78
2016-12-07 12:28:52,78
2016-12-07 12:28:54,78
2016-12-07 12:29:04,63
2016-12-07 12:29:06,63
2016-12-07 12:29:43,56
2016-12-07 12:29:46,60
2016-12-07 12:29:54,63
2016-12-07 12:29:59,64
2016-12-07 12:30:04,64
2016-12-07 12:30:09,64
2016-12-07 12:30:53,81
2016-12-07 12:30:58,81
2016-12-07 12:31:04,68
2016-12-07 12:31:09,65
2016-12-07 12:31:14,65
2016-12-07 12:31:17,65
2016-12-07 12:31:43,92
2016-12-07 12:31:44,92
2016-12-07 12:31:53,87
2016-12-07 12:31:54,87
2016-12-07 12:31:59,87
2016-12-07 12:34:38,74
2016-12-07 12:34:43,73
2016-12-07 12:34:45,72
2016-12-07 12:36:16,81
2016-12-07 12:36:21,73
2016-12-07 12:36:26,65
2016-12-07 12:38:30,68
2016-12-07 12:38:35,64
2016-12-07 12:38:40,63
2016-12-07 12:38:45,63
2016-12-07 12:38:46,63
2016-12-07 12:38:51,67
2016-12-07 12:40:02,59
2016-12-07 12:40:06,56
2016-12-07 12:40:13,56
2016-12-07 12:40:14,56
2016-12-07 12:43:53,65
2016-12-07 12:44:04,65
2016-12-07 12:44:10,67
2016-12-07 12:44:12,68
2016-12-07 12:44:17,73
2016-12-07 12:44:26,65
2016-12-07 12:45:02,72
2016-12-07 12:45:06,71
2016-12-07 12:45:08,69
2016-12-07 12:45:17,65
2016-12-07 12:45:20,63
2016-12-07 12:45:28,65
2016-12-07 12:48:42,68
2016-12-07 12:48:47,68
2016-12-07 12:49:11,72
2016-12-07 12:49:14,72
2016-12-07 12:49:17,72
2016-12-07 12:49:47,97
2016-12-07 12:49:49,78
2016-12-07 12:56:40,76
2016-12-07 13:05:05,73
2016-12-07 13:46:57,59
2016-12-07 13:49:32,56
2016-12-07 13:52:25,55
2016-12-07 14:04:53,61
2016-12-07 14:10:15,61
2016-12-07 14:12:38,66
2016-12-07 14:18:43,81
2016-12-07 14:24:45,75
2016-12-07 14:28:25,56
2016-12-07 14:34:20,55
2016-12-07 14:36:55,82
2016-12-07 14:47:18,53
2016-12-07 14:53:33,54
2016-12-07 14:55:42,54
2016-12-07 15:05:27,56
2016-12-07 15:08:32,55
2016-12-07 15:10:35,56
2016-12-07 15:10:41,52
2016-12-07 15:10:46,53
2016-12-07 15:10:51,53
2016-12-07 15:10:52,53
2016-12-07 15:10:59,56
2016-12-07 15:11:06,54
2016-12-07 15:11:07,54
2016-12-07 15:13:43,55
2016-12-07 15:17:57,82
2016-12-07 15:18:03,82
2016-12-07 15:18:04,82
2016-12-07 15:18:18,52
2016-12-07 15:18:23,52
2016-12-07 15:18:28,53
2016-12-07 15:18:29,53
2016-12-07 15:18:39,56
2016-12-07 15:18:40,57
2016-12-07 15:21:09,88
2016-12-07 15:24:00,61
2016-12-07 15:24:04,56
2016-12-07 15:24:10,56
2016-12-07 15:24:16,55
2016-12-07 15:24:21,55
2016-12-07 15:24:26,59
2016-12-07 15:28:18,86
2016-12-07 15:28:21,83
2016-12-07 15:28:28,78
2016-12-07 15:28:29,78
2016-12-07 15:28:39,77
2016-12-07 15:29:30,81
2016-12-07 15:29:35,80
2016-12-07 15:29:36,80
2016-12-07 15:29:43,80
2016-12-07 15:29:46,80
2016-12-07 15:29:55,80
2016-12-07 15:30:26,55
2016-12-07 15:30:31,54
2016-12-07 15:30:36,54
2016-12-07 15:30:38,54
2016-12-07 15:30:46,57
2016-12-07 15:30:51,57
2016-12-07 15:30:56,57
2016-12-07 15:34:53,50
2016-12-07 15:45:45,49
2016-12-07 15:49:13,49
2016-12-07 15:57:08,49
2016-12-07 16:00:24,45
2016-12-07 16:00:30,85
2016-12-07 16:00:35,86
2016-12-07 16:00:41,87
2016-12-07 15:59:55,48
2016-12-07 16:10:38,53
2016-12-07 16:14:37,56
2016-12-07 16:20:52,54
2016-12-07 16:20:55,53
2016-12-07 16:21:02,53
2016-12-07 16:21:06,53
2016-12-07 16:26:27,56
2016-12-07 16:29:59,89
2016-12-07 16:41:34,58
2016-12-07 16:46:53,65
2016-12-07 16:50:46,64
2016-12-07 16:55:16,72
2016-12-07 17:00:31,65
2016-12-07 17:03:16,100
2016-12-07 17:06:29,54
2016-12-07 17:18:04,71
2016-12-07 17:20:21,77
2016-12-07 17:27:09,63
2016-12-07 17:29:11,66
2016-12-07 17:33:53,88
2016-12-07 17:33:57,62
2016-12-07 17:34:03,63
2016-12-07 17:34:04,63
2016-12-07 17:34:09,63
2016-12-07 17:35:23,65
2016-12-07 17:41:00,71
2016-12-07 17:53:00,54
2016-12-07 17:59:18,58
2016-12-07 18:02:15,57
2016-12-07 18:04:00,56
2016-12-07 18:14:00,54
2016-12-07 18:17:58,52
2016-12-07 18:24:58,51
2016-12-07 18:29:40,49
2016-12-07 18:33:18,48
2016-12-07 18:34:58,49
2016-12-07 18:45:05,56
2016-12-07 18:50:08,54
2016-12-07 18:54:05,54
2016-12-07 18:56:30,59
2016-12-07 18:59:51,77
2016-12-07 18:59:56,77
2016-12-07 18:59:57,77
2016-12-07 19:00:02,77
2016-12-07 19:00:08,77
2016-12-07 19:00:16,63
2016-12-07 19:00:21,62
2016-12-07 19:00:23,62
2016-12-07 19:01:50,82
2016-12-07 19:01:52,74
2016-12-07 19:02:01,67
2016-12-07 19:02:07,64
2016-12-07 19:02:12,60
2016-12-07 19:02:17,57
2016-12-07 19:06:54,69
2016-12-07 19:06:59,67
2016-12-07 19:07:04,68
2016-12-07 19:07:05,68
2016-12-07 19:07:11,65
2016-12-07 19:07:15,63
2016-12-07 19:07:24,59
2016-12-07 19:07:29,56
2016-12-07 19:09:12,56
2016-12-07 19:13:17,58
2016-12-07 19:19:29,65
2016-12-07 19:32:04,58
2016-12-07 19:35:02,61
2016-12-07 19:43:04,68
2016-12-07 19:47:12,56
2016-12-07 19:48:28,60
2016-12-07 19:48:31,59
2016-12-07 19:48:39,59
2016-12-07 19:48:42,59
2016-12-07 19:48:49,58
2016-12-07 19:50:39,58
2016-12-07 19:58:04,74
2016-12-07 20:02:38,66
2016-12-07 20:05:25,90
2016-12-07 20:10:11,66
2016-12-07 20:17:56,57
2016-12-07 20:22:31,56
2016-12-07 20:27:18,63
2016-12-07 20:35:56,59
2016-12-07 20:37:31,63
2016-12-07 20:42:58,58
2016-12-07 20:50:23,59
2016-12-07 20:53:36,58
2016-12-07 20:58:46,58
2016-12-07 21:02:56,69
2016-12-07 21:09:15,80
2016-12-07 21:09:19,78
2016-12-07 21:09:24,68
2016-12-07 21:09:26,68
2016-12-07 21:09:31,69
2016-12-07 21:15:26,59
2016-12-07 21:18:21,59
2016-12-07 21:20:23,61
2016-12-07 21:29:13,58
2016-12-07 21:31:23,58
2016-12-07 21:37:28,66
2016-12-07 21:44:21,65
2016-12-07 21:48:58,62
2016-12-07 21:52:43,57
2016-12-07 21:55:28,57
2016-12-07 22:03:24,57
2016-12-07 22:10:17,56
2016-12-07 22:13:35,56
2016-12-07 22:18:17,54
2016-12-07 22:20:00,56
2016-12-07 22:28:27,58
2016-12-07 22:34:12,73
2016-12-07 22:35:20,88
2016-12-07 22:42:22,56
2016-12-07 22:50:10,55
2016-12-07 23:03:59,55
2016-12-07 23:10:54,50
2016-12-07 23:22:11,49
2016-12-07 23:31:19,46
2016-12-07 23:36:04,47
2016-12-07 23:46:44,48
2016-12-07 23:47:49,49
2016-12-07 23:53:47,49
2016-12-07 23:58:39,48
2016-12-08 00:02:09,49
2016-12-08 00:05:57,49
2016-12-08 00:16:45,49
2016-12-08 00:19:00,58
2016-12-08 00:24:44,59
2016-12-08 00:30:50,55
2016-12-08 00:32:52,58
2016-12-08 00:39:15,78
2016-12-08 00:42:22,63
2016-12-08 00:50:10,49
2016-12-08 00:54:25,46
2016-12-08 00:57:50,46
2016-12-08 01:06:17,73
2016-12-08 01:12:40,81
2016-12-08 01:20:13,80
2016-12-08 01:24:13,83
2016-12-08 01:26:20,82
2016-12-08 01:33:35,78
2016-12-08 01:40:40,45
2016-12-08 01:41:55,53
2016-12-08 01:49:03,58
2016-12-08 01:50:38,64
2016-12-08 01:55:48,56
2016-12-08 02:02:18,49
2016-12-08 02:11:03,52
2016-12-08 02:14:08,51
2016-12-08 02:21:47,65
2016-12-08 02:21:52,69
2016-12-08 02:21:58,59
2016-12-08 02:21:59,59
2016-12-08 02:22:36,74
2016-12-08 02:22:47,68
2016-12-08 02:22:48,68
2016-12-08 02:23:10,77
2016-12-08 02:23:13,77
2016-12-08 02:23:16,77
2016-12-08 02:23:30,54
2016-12-08 02:23:35,56
2016-12-08 02:24:01,57
2016-12-08 02:24:06,55
2016-12-08 02:24:11,54
2016-12-08 02:24:17,54
2016-12-08 02:24:22,54
2016-12-08 02:27:54,56
2016-12-08 02:34:12,70
2016-12-08 02:38:09,64
2016-12-08 02:40:24,64
2016-12-08 02:40:29,68
2016-12-08 02:40:30,68
2016-12-08 02:42:49,63
2016-12-08 02:46:49,61
2016-12-08 02:55:56,61
2016-12-08 02:57:41,63
2016-12-08 03:06:04,54
2016-12-08 03:11:37,54
2016-12-08 03:16:04,64
2016-12-08 03:21:54,61
2016-12-08 03:32:14,47
2016-12-08 03:36:29,46
2016-12-08 03:43:37,44
2016-12-08 03:46:02,44
2016-12-08 03:57:44,44
2016-12-08 04:02:30,44
2016-12-08 04:04:57,49
2016-12-08 04:11:27,49
2016-12-08 04:16:37,43
2016-12-08 04:21:12,42
2016-12-08 04:27:07,43
2016-12-08 04:34:25,43
2016-12-08 04:44:50,44
2016-12-08 04:53:50,44
2016-12-08 04:56:00,46
2016-12-08 05:07:08,44
2016-12-08 05:10:18,44
2016-12-08 05:12:10,45
2016-12-08 05:24:58,42
2016-12-08 05:25:24,60
2016-12-08 05:25:28,56
2016-12-08 05:25:30,53
2016-12-08 05:25:38,44
2016-12-08 05:25:44,44
2016-12-08 05:26:46,42
2016-12-08 05:39:43,42
2016-12-08 05:41:20,42
2016-12-08 05:47:41,44
2016-12-08 05:52:36,52
2016-12-08 05:54:51,51
2016-12-08 06:00:46,44
2016-12-08 06:06:38,66
2016-12-08 06:07:58,58
2016-12-08 06:16:36,54
2016-12-08 06:23:31,50
2016-12-08 06:28:36,50
2016-12-08 06:38:19,51
2016-12-08 06:46:24,55
2016-12-08 06:49:01,88
2016-12-08 06:53:26,51
2016-12-08 07:00:06,52
2016-12-08 07:04:29,73
2016-12-08 07:06:54,77
2016-12-08 07:17:12,88
2016-12-08 07:25:32,58
2016-12-08 07:32:47,52
2016-12-08 07:36:32,61
2016-12-08 07:39:02,67
2016-12-08 07:43:02,54
2016-12-08 07:46:32,91
2016-12-08 07:55:40,53
2016-12-08 07:58:27,54
2016-12-08 08:04:10,70
2016-12-08 08:11:12,55
2016-12-08 08:19:00,98
2016-12-08 08:27:50,57
2016-12-08 08:29:27,89
2016-12-08 08:48:03,106
2016-12-08 08:56:43,61
2016-12-08 08:58:35,86
2016-12-08 09:02:15,51
2016-12-08 15:47:57,52
2016-12-08 15:49:00,52
2016-12-08 15:53:12,53
2016-12-08 15:58:42,54
2016-12-08 16:03:52,62
2016-12-08 16:10:04,49
2016-12-08 16:12:07,54
2016-12-08 16:16:49,49
2016-12-08 16:21:02,57
2016-12-08 16:33:44,67
2016-12-08 16:48:25,91
2016-12-08 17:00:25,65
2016-12-08 17:24:18,74
2016-12-08 17:29:51,167
2016-12-08 17:29:52,167
2016-12-08 17:30:21,152
2016-12-08 17:30:34,162
2016-12-08 17:30:39,160
2016-12-08 17:30:44,176
2016-12-08 17:31:09,158
2016-12-08 17:31:10,156
2016-12-08 17:31:19,156
2016-12-08 17:31:24,157
2016-12-08 17:31:25,157
2016-12-08 17:31:34,157
2016-12-08 17:31:36,157
2016-12-08 17:31:41,156
2016-12-08 17:31:50,155
2016-12-08 17:31:51,155
2016-12-08 17:31:57,153
2016-12-08 17:32:02,155
2016-12-08 17:32:17,158
2016-12-08 17:32:22,164
2016-12-08 17:32:23,165
2016-12-08 17:32:32,165
2016-12-08 17:32:33,165
2016-12-08 17:32:41,164
2016-12-08 17:32:50,162
2016-12-08 17:32:54,162
2016-12-08 17:32:56,162
2016-12-08 17:33:40,170
2016-12-08 17:33:42,170
2016-12-08 17:34:08,169
2016-12-08 17:34:11,169
2016-12-08 17:34:17,167
2016-12-08 17:34:23,167
2016-12-08 17:34:25,167
2016-12-08 17:34:30,166
2016-12-08 17:34:40,167
2016-12-08 17:34:45,167
2016-12-08 17:34:50,167
2016-12-08 17:34:55,167
2016-12-08 17:34:57,167
2016-12-08 17:35:01,167
2016-12-08 17:35:10,167
2016-12-08 17:35:12,168
2016-12-08 17:35:21,168
2016-12-08 17:35:24,168
2016-12-08 17:35:34,167
2016-12-08 17:35:35,167
2016-12-08 17:35:40,166
2016-12-08 17:36:32,176
2016-12-08 17:36:35,176
2016-12-08 17:36:44,176
2016-12-08 17:36:48,176
2016-12-08 17:36:57,175
2016-12-08 17:37:02,174
2016-12-08 17:37:05,171
2016-12-08 17:37:08,170
2016-12-08 17:37:17,171
2016-12-08 17:37:21,171
2016-12-08 17:37:28,174
2016-12-08 17:37:33,174
2016-12-08 17:37:35,174
2016-12-08 17:37:41,173
2016-12-08 17:37:50,170
2016-12-08 17:37:56,169
2016-12-08 17:37:58,169
2016-12-08 17:38:02,169
2016-12-08 17:38:11,169
2016-12-08 17:38:17,169
2016-12-08 17:38:18,169
2016-12-08 17:38:27,165
2016-12-08 17:38:28,165
2016-12-08 17:38:33,166
2016-12-08 17:38:38,164
2016-12-08 17:38:47,167
2016-12-08 17:38:52,170
2016-12-08 17:38:57,169
2016-12-08 17:38:58,169
2016-12-08 17:39:08,170
2016-12-08 17:39:09,170
2016-12-08 17:39:14,170
2016-12-08 17:39:19,170
2016-12-08 17:39:24,170
2016-12-08 17:39:34,170
2016-12-08 17:39:37,169
2016-12-08 17:39:46,169
2016-12-08 17:39:51,171
2016-12-08 17:39:54,171
2016-12-08 17:39:57,171
2016-12-08 17:40:02,170
2016-12-08 17:40:09,170
2016-12-08 17:40:12,170
2016-12-08 17:40:17,169
2016-12-08 17:40:26,170
2016-12-08 17:40:27,170
2016-12-08 17:40:32,173
2016-12-08 17:40:40,175
2016-12-08 17:40:42,175
2016-12-08 17:40:47,173
2016-12-08 17:40:52,173
2016-12-08 17:40:57,173
2016-12-08 17:41:07,171
2016-12-08 17:41:09,171
2016-12-08 17:41:14,171
2016-12-08 17:41:28,171
2016-12-08 17:41:33,173
2016-12-08 17:41:38,174
2016-12-08 17:41:41,175
2016-12-08 17:41:45,175
2016-12-08 17:41:51,175
2016-12-08 17:41:56,175
2016-12-08 17:42:01,174
2016-12-08 17:42:25,169
2016-12-08 17:42:28,169
2016-12-08 17:42:31,171
2016-12-08 17:42:36,173
2016-12-08 17:42:46,174
2016-12-08 17:42:48,174
2016-12-08 17:42:57,171
2016-12-08 17:43:02,171
2016-12-08 17:43:03,170
2016-12-08 17:43:08,169
2016-12-08 17:43:17,168
2016-12-08 17:43:22,171
2016-12-08 17:43:23,171
2016-12-08 17:43:32,171
2016-12-08 17:43:37,170
2016-12-08 17:43:43,167
2016-12-08 17:43:48,167
2016-12-08 17:43:53,167
2016-12-08 17:43:57,167
2016-12-08 17:43:59,168
2016-12-08 17:44:05,167
2016-12-08 17:44:10,166
2016-12-08 17:44:15,162
2016-12-08 17:44:25,162
2016-12-08 17:44:30,162
2016-12-08 17:44:33,164
2016-12-08 17:44:40,166
2016-12-08 17:44:41,166
2016-12-08 17:44:50,171
2016-12-08 17:44:53,171
2016-12-08 17:44:56,171
2016-12-08 17:45:01,169
2016-12-08 17:45:06,167
2016-12-08 17:45:16,167
2016-12-08 17:45:20,167
2016-12-08 17:45:23,167
2016-12-08 17:45:27,167
2016-12-08 17:45:32,168
2016-12-08 17:45:40,167
2016-12-08 17:45:44,167
2016-12-08 17:45:51,168
2016-12-08 17:45:52,168
2016-12-08 17:45:57,168
2016-12-08 17:46:03,168
2016-12-08 17:46:09,167
2016-12-08 17:46:14,167
2016-12-08 17:46:19,167
2016-12-08 17:46:27,167
2016-12-08 17:46:29,167
2016-12-08 17:46:40,167
2016-12-08 17:46:49,162
2016-12-08 17:46:55,162
2016-12-08 17:46:58,162
2016-12-08 17:47:01,162
2016-12-08 17:47:07,162
2016-12-08 17:47:13,162
2016-12-08 17:47:28,159
2016-12-08 17:47:36,149
2016-12-08 17:47:44,153
2016-12-08 17:47:49,153
2016-12-08 17:47:55,153
2016-12-08 17:47:56,153
2016-12-08 17:48:02,153
2016-12-08 17:48:10,153
2016-12-08 17:48:16,153
2016-12-08 17:48:17,153
2016-12-08 17:48:23,153
2016-12-08 17:48:32,167
2016-12-08 17:48:34,167
2016-12-08 17:48:50,165
2016-12-08 17:48:55,166
2016-12-08 17:49:00,167
2016-12-08 17:49:03,167
2016-12-08 17:49:06,167
2016-12-08 17:49:11,166
2016-12-08 17:49:20,165
2016-12-08 17:49:22,166
2016-12-08 17:49:32,168
2016-12-08 17:49:33,168
2016-12-08 17:49:39,168
2016-12-08 17:49:44,168
2016-12-08 17:49:54,167
2016-12-08 17:49:58,167
2016-12-08 17:50:00,167
2016-12-08 17:50:05,167
2016-12-08 17:50:14,164
2016-12-08 17:50:18,164
2016-12-08 17:50:21,164
2016-12-08 17:50:25,164
2016-12-08 17:50:30,165
2016-12-08 17:50:39,165
2016-12-08 17:50:43,165
2016-12-08 17:50:45,165
2016-12-08 17:50:50,165
2016-12-08 17:50:55,165
2016-12-08 17:51:00,165
2016-12-08 17:51:05,165
2016-12-08 17:51:10,173
2016-12-08 17:51:16,180
2016-12-08 17:51:25,164
2016-12-08 17:51:31,161
2016-12-08 17:51:32,161
2016-12-08 17:51:37,161
2016-12-08 17:51:48,160
2016-12-08 17:52:08,153
2016-12-08 17:52:13,159
2016-12-08 17:52:18,155
2016-12-08 17:52:23,157
2016-12-08 17:52:29,160
2016-12-08 17:52:34,162
2016-12-08 17:52:39,166
2016-12-08 17:52:42,167
2016-12-08 17:52:45,167
2016-12-08 17:52:51,166
2016-12-08 17:52:56,165
2016-12-08 17:53:01,165
2016-12-08 17:53:11,165
2016-12-08 17:53:15,164
2016-12-08 17:53:18,164
2016-12-08 17:53:27,164
2016-12-08 17:53:30,164
2016-12-08 17:53:36,164
2016-12-08 17:53:40,162
2016-12-08 17:53:43,162
2016-12-08 17:53:51,167
2016-12-08 17:53:53,167
2016-12-08 17:54:01,168
2016-12-08 17:54:03,167
2016-12-08 17:54:16,167
2016-12-08 17:54:23,164
2016-12-08 17:54:28,164
2016-12-08 17:54:30,164
2016-12-08 17:54:42,162
2016-12-08 17:54:45,162
2016-12-08 17:54:55,157
2016-12-08 17:54:56,156
2016-12-08 17:55:06,164
2016-12-08 17:55:11,162
2016-12-08 17:55:15,162
2016-12-08 17:55:21,165
2016-12-08 17:55:26,165
2016-12-08 17:55:28,165
2016-12-08 17:55:34,166
2016-12-08 17:55:39,166
2016-12-08 17:55:44,166
2016-12-08 17:55:53,166
2016-12-08 17:55:57,165
2016-12-08 17:56:00,165
2016-12-08 17:56:05,165
2016-12-08 17:56:14,164
2016-12-08 17:56:18,159
2016-12-08 17:56:20,159
2016-12-08 17:56:25,158
2016-12-08 17:56:35,150
2016-12-08 17:56:41,149
2016-12-08 17:56:46,148
2016-12-08 17:56:51,146
2016-12-08 17:56:53,146
2016-12-08 17:57:00,140
2016-12-08 17:57:04,140
2016-12-08 17:57:09,139
2016-12-08 17:57:18,130
2016-12-08 17:57:23,130
2016-12-08 17:57:29,130
2016-12-08 17:57:32,128
2016-12-08 17:57:35,126
2016-12-08 17:57:44,124
2016-12-08 17:57:45,124
2016-12-08 17:57:55,124
2016-12-08 17:58:00,125
2016-12-08 17:58:03,125
2016-12-08 17:58:09,124
2016-12-08 17:58:17,122
2016-12-08 17:58:22,122
2016-12-08 17:58:25,122
2016-12-08 17:58:28,122
2016-12-08 17:58:33,121
2016-12-08 17:58:38,120
2016-12-08 17:58:43,120
2016-12-08 17:58:48,120
2016-12-08 17:58:53,119
2016-12-08 17:58:58,119
2016-12-08 17:59:03,119
2016-12-08 17:59:08,120
2016-12-08 17:59:18,134
2016-12-08 17:59:20,134
2016-12-08 17:59:25,135
2016-12-08 17:59:31,138
2016-12-08 17:59:36,138
2016-12-08 17:59:41,137
2016-12-08 17:59:46,134
2016-12-08 17:59:52,131
2016-12-08 18:00:03,122
2016-12-08 18:00:08,122
2016-12-08 18:00:09,122
2016-12-08 18:00:18,117
2016-12-08 18:00:21,117
2016-12-08 18:00:27,116
2016-12-08 18:00:30,116
2016-12-08 18:00:40,117
2016-12-08 18:00:44,116
2016-12-08 18:00:46,115
2016-12-08 18:00:51,116
2016-12-08 18:00:56,116
2016-12-08 18:01:05,115
2016-12-08 18:01:10,113
2016-12-08 18:01:18,108
2016-12-08 18:01:19,107
2016-12-08 18:01:25,111
2016-12-08 18:01:33,113
2016-12-08 18:01:35,113
2016-12-08 18:01:41,113
2016-12-08 18:01:47,116
2016-12-08 18:01:52,119
2016-12-08 18:01:57,117
2016-12-08 18:02:06,117
2016-12-08 18:02:07,117
2016-12-08 18:02:17,118
2016-12-08 18:02:19,119
2016-12-08 18:02:24,119
2016-12-08 18:02:33,116
2016-12-08 18:02:37,113
2016-12-08 18:02:39,113
2016-12-08 18:02:48,113
2016-12-08 18:02:49,113
2016-12-08 18:02:54,117
2016-12-08 18:02:59,117
2016-12-08 18:03:04,115
2016-12-08 18:03:09,114
2016-12-08 18:03:14,113
2016-12-08 18:03:19,111
2016-12-08 18:03:24,109
2016-12-08 18:03:29,108
2016-12-08 18:03:34,107
2016-12-08 18:03:43,110
2016-12-08 18:03:48,112
2016-12-08 18:03:49,112
2016-12-08 18:03:55,112
2016-12-08 18:04:04,122
2016-12-08 18:04:06,122
2016-12-08 18:04:15,117
2016-12-08 18:04:20,118
2016-12-08 18:04:22,119
2016-12-08 18:04:27,123
2016-12-08 18:04:36,123
2016-12-08 18:04:38,123
2016-12-08 18:04:46,126
2016-12-08 18:04:51,131
2016-12-08 18:04:58,131
2016-12-08 18:04:59,131
2016-12-08 18:05:05,131
2016-12-08 18:05:10,127
2016-12-08 18:05:15,123
2016-12-08 18:05:21,122
2016-12-08 18:05:26,124
2016-12-08 18:05:31,126
2016-12-08 18:05:40,127
2016-12-08 18:05:42,127
2016-12-08 18:05:46,127
2016-12-08 18:05:51,127
2016-12-08 18:05:56,126
2016-12-08 18:06:01,126
2016-12-08 18:06:06,125
2016-12-08 18:06:11,124
2016-12-08 18:06:19,118
2016-12-08 18:06:26,122
2016-12-08 18:06:31,122
2016-12-08 18:06:32,122
2016-12-08 18:06:37,122
2016-12-08 18:06:42,122
2016-12-08 18:06:47,122
2016-12-08 18:06:52,120
2016-12-08 18:07:02,117
2016-12-08 18:07:08,116
2016-12-08 18:07:09,116
2016-12-08 18:07:14,117
2016-12-08 18:07:19,122
2016-12-08 18:07:28,122
2016-12-08 18:07:33,123
2016-12-08 18:07:37,124
2016-12-08 18:07:41,124
2016-12-08 18:07:44,124
2016-12-08 18:07:50,117
2016-12-08 18:07:56,123
2016-12-08 18:08:05,121
2016-12-08 18:08:07,121
2016-12-08 18:08:11,122
2016-12-08 18:08:16,122
2016-12-08 18:08:22,122
2016-12-08 18:08:31,121
2016-12-08 18:08:34,121
2016-12-08 18:08:43,122
2016-12-08 18:08:47,122
2016-12-08 18:08:51,122
2016-12-08 18:08:59,125
2016-12-08 18:09:01,125
2016-12-08 18:09:16,113
2016-12-08 18:09:22,116
2016-12-08 18:09:23,116
2016-12-08 18:09:29,121
2016-12-08 18:09:38,122
2016-12-08 18:09:43,122
2016-12-08 18:09:48,121
2016-12-08 18:09:53,120
2016-12-08 18:09:59,120
2016-12-08 18:10:02,120
2016-12-08 18:10:05,120
2016-12-08 18:10:10,120
2016-12-08 18:10:19,117
2016-12-08 18:10:24,116
2016-12-08 18:10:26,117
2016-12-08 18:10:30,117
2016-12-08 18:10:39,113
2016-12-08 18:10:40,113
2016-12-08 18:10:45,113
2016-12-08 18:10:56,119
2016-12-08 18:11:00,119
2016-12-08 18:11:06,119
2016-12-08 18:11:07,119
2016-12-08 18:11:12,119
2016-12-08 18:11:18,118
2016-12-08 18:11:27,117
2016-12-08 18:11:29,117
2016-12-08 18:11:38,116
2016-12-08 18:11:39,116
2016-12-08 18:11:47,113
2016-12-08 18:11:49,111
2016-12-08 18:11:56,111
2016-12-08 18:11:59,111
2016-12-08 18:12:04,110
2016-12-08 18:12:13,114
2016-12-08 18:12:16,116
2016-12-08 18:12:19,116
2016-12-08 18:12:28,116
2016-12-08 18:12:29,116
2016-12-08 18:12:34,116
2016-12-08 18:12:43,116
2016-12-08 18:12:45,116
2016-12-08 18:12:52,116
2016-12-08 18:12:59,119
2016-12-08 18:13:04,123
2016-12-08 18:13:05,123
2016-12-08 18:13:11,122
2016-12-08 18:13:17,122
2016-12-08 18:13:26,122
2016-12-08 18:13:31,121
2016-12-08 18:13:37,121
2016-12-08 18:13:41,121
2016-12-08 18:13:45,121
2016-12-08 18:13:48,122
2016-12-08 18:13:54,122
2016-12-08 18:13:59,122
2016-12-08 18:14:04,122
2016-12-08 18:14:09,123
2016-12-08 18:14:14,122
2016-12-08 18:14:23,122
2016-12-08 18:14:24,122
2016-12-08 18:14:34,120
2016-12-08 18:14:44,112
2016-12-08 18:14:45,112
2016-12-08 18:14:50,113
2016-12-08 18:14:55,113
2016-12-08 18:15:05,114
2016-12-08 18:15:35,113
2016-12-08 18:15:40,113
2016-12-08 18:15:41,113
2016-12-08 18:15:48,113
2016-12-08 18:15:57,131
2016-12-08 18:16:00,128
2016-12-08 18:16:04,125
2016-12-08 18:16:10,124
2016-12-08 18:16:13,123
2016-12-08 18:16:22,122
2016-12-08 18:16:23,122
2016-12-08 18:16:28,120
2016-12-08 18:16:34,117
2016-12-08 18:16:39,116
2016-12-08 18:16:48,102
2016-12-08 18:16:52,101
2016-12-08 18:16:54,101
2016-12-08 18:17:00,101
2016-12-08 18:17:08,104
2016-12-08 18:17:09,104
2016-12-08 18:17:14,103
2016-12-08 18:17:24,104
2016-12-08 18:17:25,104
2016-12-08 18:17:34,104
2016-12-08 18:17:37,104
2016-12-08 18:18:00,104
2016-12-08 18:18:06,99
2016-12-08 18:18:12,100
2016-12-08 18:18:17,95
2016-12-08 18:23:59,88
2016-12-08 18:30:11,90
2016-12-08 18:39:33,90
2016-12-08 19:20:38,90
2016-12-08 19:26:00,58
2016-12-08 19:31:37,81
2016-12-08 19:34:42,65
2016-12-08 19:42:47,74
2016-12-08 19:49:15,58
2016-12-08 19:51:20,70
2016-12-08 19:58:25,62
2016-12-08 20:00:10,61
2016-12-08 20:07:48,70
2016-12-08 20:11:25,62
2016-12-08 20:14:13,76
2016-12-08 20:21:25,88
2016-12-08 20:25:12,82
2016-12-08 20:25:17,77
2016-12-08 20:25:22,73
2016-12-08 20:25:23,72
2016-12-08 20:25:29,71
2016-12-08 20:25:52,68
2016-12-08 20:25:57,62
2016-12-08 20:25:59,62
2016-12-08 20:26:08,51
2016-12-08 20:26:09,51
2016-12-08 20:26:15,50
2016-12-08 20:26:21,59
2016-12-08 20:28:31,57
2016-12-08 20:28:32,57
2016-12-08 20:28:41,58
2016-12-08 20:28:43,57
2016-12-08 20:28:48,58
2016-12-08 20:30:19,102
2016-12-08 20:30:44,102
2016-12-08 20:30:47,102
2016-12-08 20:30:52,102
2016-12-08 20:31:01,102
2016-12-08 20:31:09,102
2016-12-08 20:31:17,101
2016-12-08 20:31:18,100
2016-12-08 20:31:32,94
2016-12-08 20:31:37,94
2016-12-08 20:31:42,94
2016-12-08 20:31:43,94
2016-12-08 20:31:54,107
2016-12-08 20:31:58,108
2016-12-08 20:32:00,108
2016-12-08 20:32:05,106
2016-12-08 20:32:11,104
2016-12-08 20:32:17,101
2016-12-08 20:32:32,68
2016-12-08 20:32:37,73
2016-12-08 20:36:04,95
2016-12-08 20:45:03,89
2016-12-08 20:48:26,94
2016-12-08 20:58:33,89
2016-12-08 21:08:36,90
2016-12-08 21:58:00,74
2016-12-08 22:04:43,47
2016-12-08 22:09:30,46
2016-12-08 22:10:55,45
2016-12-08 22:15:10,45
2016-12-08 22:24:37,45
2016-12-08 22:27:17,44
2016-12-08 22:33:10,44
2016-12-08 22:40:35,44
2016-12-08 22:44:42,49
2016-12-08 22:53:55,44
2016-12-08 22:57:35,45
2016-12-08 23:00:30,46
2016-12-08 23:13:13,47
2016-12-08 23:16:53,49
2016-12-08 23:23:20,53
2016-12-08 23:30:30,49
2016-12-08 23:35:08,49
2016-12-08 23:37:00,47
2016-12-08 23:42:36,50
2016-12-08 23:47:03,49
2016-12-08 23:54:16,50
2016-12-09 00:03:48,49
2016-12-09 00:05:06,50
2016-12-09 00:09:51,50
2016-12-09 00:16:03,49
2016-12-09 00:30:11,49
2016-12-09 00:33:06,49
2016-12-09 00:37:38,49
2016-12-09 00:49:51,47
2016-12-09 00:54:39,48
2016-12-09 00:58:54,49
2016-12-09 01:05:44,47
2016-12-09 01:13:19,47
2016-12-09 01:15:24,46
2016-12-09 01:24:49,49
2016-12-09 01:30:44,50
2016-12-09 01:34:56,49
2016-12-09 01:40:42,52
2016-12-09 01:45:22,47
2016-12-09 01:52:52,46
2016-12-09 01:57:44,46
2016-12-09 02:01:39,46
2016-12-09 02:11:19,45
2016-12-09 02:14:52,44
2016-12-09 02:16:37,45
2016-12-09 02:26:12,45
2016-12-09 02:28:32,46
2016-12-09 02:30:00,46
2016-12-09 02:38:00,44
2016-12-09 02:40:50,45
2016-12-09 02:48:50,45
2016-12-09 02:53:47,46
2016-12-09 02:57:17,45
2016-12-09 03:00:55,45
2016-12-09 03:12:35,44
2016-12-09 03:15:20,44
2016-12-09 03:20:40,46
2016-12-09 03:27:35,52
2016-12-09 03:32:20,47
2016-12-09 03:42:15,44
2016-12-09 03:48:50,52
2016-12-09 03:51:55,48
2016-12-09 03:54:08,49
2016-12-09 04:04:58,45
2016-12-09 04:07:55,43
2016-12-09 04:14:20,43
2016-12-09 04:16:15,43
2016-12-09 04:21:58,44
2016-12-09 04:29:36,42
2016-12-09 04:35:31,43
2016-12-09 04:40:01,44
2016-12-09 04:49:26,44
2016-12-09 04:51:43,45
2016-12-09 04:58:38,44
2016-12-09 05:07:08,43
2016-12-09 05:11:54,44
2016-12-09 05:15:19,74
2016-12-09 05:15:23,50
2016-12-09 05:15:28,46
2016-12-09 05:15:34,45
2016-12-09 05:15:40,45
2016-12-09 05:21:29,44
2016-12-09 05:27:48,47
2016-12-09 05:29:18,45
2016-12-09 05:34:28,45
2016-12-09 05:43:06,46
2016-12-09 05:44:18,46
2016-12-09 05:47:46,47
2016-12-09 05:51:18,52
2016-12-09 06:00:27,59
2016-12-09 06:00:31,58
2016-12-09 06:00:37,55
2016-12-09 06:00:38,56
2016-12-09 06:00:43,57
2016-12-09 06:01:09,68
2016-12-09 06:01:14,69
2016-12-09 06:01:15,69
2016-12-09 06:01:20,69
2016-12-09 06:01:29,69
2016-12-09 06:01:35,65
2016-12-09 06:04:34,49
2016-12-09 06:08:04,49
2016-12-09 06:11:58,50
2016-12-09 07:09:37,57
2016-12-09 07:15:02,67
2016-12-09 07:24:09,57
2016-12-09 07:30:34,58
2016-12-09 07:39:19,58
2016-12-09 07:41:29,58
2016-12-09 07:45:49,59
2016-12-09 07:50:47,58
2016-12-09 07:53:19,60
2016-12-09 07:58:27,88
2016-12-09 08:03:32,73
2016-12-09 08:08:52,86
2016-12-09 08:15:02,59
2016-12-09 08:16:44,68
2016-12-09 08:23:44,59
2016-12-09 08:28:30,85
2016-12-09 08:28:31,86
2016-12-09 08:28:41,86
2016-12-09 08:28:43,85
2016-12-09 08:28:48,86
2016-12-09 08:28:53,85
2016-12-09 08:28:57,86
2016-12-09 08:30:39,69
2016-12-09 08:30:44,69
2016-12-09 08:36:18,56
2016-12-09 08:39:05,67
2016-12-09 08:39:10,68
2016-12-09 08:39:11,68
2016-12-09 08:39:19,64
2016-12-09 08:39:27,65
2016-12-09 08:39:28,65
2016-12-09 08:39:34,65
2016-12-09 08:44:07,57
2016-12-09 08:51:52,62
2016-12-09 08:55:44,81
2016-12-09 09:00:37,58
2016-12-09 09:04:14,62
2016-12-09 09:10:12,67
2016-12-09 09:14:07,62
2016-12-09 09:19:17,61
2016-12-09 09:21:49,74
2016-12-09 09:31:00,58
2016-12-09 09:33:15,60
2016-12-09 09:38:22,57
2016-12-09 09:40:55,53
2016-12-09 09:50:47,64
2016-12-09 09:57:20,63
2016-12-09 10:05:42,60
2016-12-09 10:07:57,72
2016-12-09 10:14:27,62
2016-12-09 10:22:15,50
2016-12-09 10:25:27,88
2016-12-09 10:33:16,77
2016-12-09 10:33:21,78
2016-12-09 10:33:23,78
2016-12-09 10:33:28,78
2016-12-09 10:34:08,88
2016-12-09 10:34:13,88
2016-12-09 10:34:18,78
2016-12-09 10:34:22,78
2016-12-09 10:34:28,78
2016-12-09 10:34:32,77
2016-12-09 10:37:25,64
2016-12-09 10:37:29,67
2016-12-09 10:37:35,69
2016-12-09 10:37:41,64
2016-12-09 10:37:42,64
2016-12-09 10:37:47,64
2016-12-09 10:37:52,63
2016-12-09 10:39:36,65
2016-12-09 10:39:39,63
2016-12-09 10:39:43,62
2016-12-09 10:39:52,65
2016-12-09 10:39:57,63
2016-12-09 10:39:58,62
2016-12-09 10:42:19,60
2016-12-09 10:42:25,61
2016-12-09 10:42:27,62
2016-12-09 10:42:36,67
2016-12-09 10:44:10,81
2016-12-09 10:44:15,81
2016-12-09 10:45:47,67
2016-12-09 10:45:50,65
2016-12-09 10:45:56,65
2016-12-09 10:45:58,65
2016-12-09 10:46:05,65
2016-12-09 10:47:28,54
2016-12-09 10:47:33,54
2016-12-09 10:47:35,54
2016-12-09 10:47:44,54
2016-12-09 10:47:49,62
2016-12-09 10:47:53,64
2016-12-09 10:48:16,60
2016-12-09 10:48:18,60
2016-12-09 10:48:23,60
2016-12-09 10:48:43,59
2016-12-09 10:50:46,55
2016-12-09 10:50:52,55
2016-12-09 10:50:53,55
2016-12-09 10:51:00,55
2016-12-09 10:51:18,51
2016-12-09 10:51:20,52
2016-12-09 10:51:27,49
2016-12-09 10:51:40,78
2016-12-09 10:51:45,78
2016-12-09 10:53:59,116
2016-12-09 10:54:02,115
2016-12-09 10:54:14,67
2016-12-09 10:54:19,65
2016-12-09 10:54:24,64
2016-12-09 10:54:29,63
2016-12-09 10:56:55,71
2016-12-09 10:56:56,71
2016-12-09 10:57:15,59
2016-12-09 10:56:02,68
2016-12-09 11:06:34,71
2016-12-09 11:11:08,81
2016-12-09 11:14:18,55
2016-12-09 11:21:01,64
2016-12-09 11:26:38,81
2016-12-09 11:26:42,56
2016-12-09 11:26:47,57
2016-12-09 11:28:10,55
2016-12-09 11:37:25,56
2016-12-09 11:41:57,55
2016-12-09 11:49:37,63
2016-12-09 11:56:23,67
2016-12-09 11:58:13,74
2016-12-09 12:02:06,73
2016-12-09 12:07:38,60
2016-12-09 12:16:10,55
2016-12-09 12:20:33,58
2016-12-09 12:25:41,74
2016-12-09 12:25:47,64
2016-12-09 12:25:52,64
2016-12-09 12:25:56,69
2016-12-09 12:25:58,69
2016-12-09 12:26:07,65
2016-12-09 12:26:12,60
2016-12-09 12:26:18,57
2016-12-09 12:29:12,61
2016-12-09 12:29:18,59
2016-12-09 12:29:21,59
2016-12-09 12:29:29,62
2016-12-09 12:29:35,62
2016-12-09 12:29:40,61
2016-12-09 12:29:41,61
2016-12-09 12:29:49,61
2016-12-09 12:32:02,59
2016-12-09 12:32:07,53
2016-12-09 12:32:12,53
2016-12-09 12:32:17,57
2016-12-09 12:32:22,56
2016-12-09 12:36:04,57
2016-12-09 12:36:08,54
2016-12-09 12:36:13,55
2016-12-09 12:36:15,55
2016-12-09 12:36:25,68
2016-12-09 12:36:30,67
2016-12-09 12:36:34,61
2016-12-09 12:36:40,58
2016-12-09 12:39:04,64
2016-12-09 12:43:25,57
2016-12-09 12:48:35,58
2016-12-09 12:52:37,53
2016-12-09 12:54:30,61
2016-12-09 13:03:32,97
2016-12-09 13:03:36,94
2016-12-09 13:03:38,92
2016-12-09 13:03:44,92
2016-12-09 13:06:33,68
2016-12-09 13:06:38,62
2016-12-09 13:06:43,60
2016-12-09 13:06:49,62
2016-12-09 13:06:54,57
2016-12-09 13:06:55,57
2016-12-09 13:07:00,58
2016-12-09 13:09:02,62
2016-12-09 13:11:59,66
2016-12-09 13:13:32,78
2016-12-09 13:20:04,81
2016-12-09 13:20:09,87
2016-12-09 13:20:10,87
2016-12-09 13:20:18,56
2016-12-09 13:20:25,60
2016-12-09 13:20:31,58
2016-12-09 13:21:23,85
2016-12-09 13:21:26,85
2016-12-09 13:21:29,86
2016-12-09 13:22:13,78
2016-12-09 13:22:15,76
2016-12-09 13:22:23,68
2016-12-09 13:22:27,68
2016-12-09 13:23:55,58
2016-12-09 13:24:00,59
2016-12-09 13:24:05,59
2016-12-09 13:24:10,57
2016-12-09 13:24:15,57
2016-12-09 13:24:19,57
2016-12-09 13:24:24,57
2016-12-09 13:29:36,74
2016-12-09 13:29:40,68
2016-12-09 13:29:46,68
2016-12-09 13:29:49,68
2016-12-09 13:30:08,58
2016-12-09 13:30:13,58
2016-12-09 13:30:19,57
2016-12-09 13:30:20,57
2016-12-09 13:30:29,57
2016-12-09 13:30:58,60
2016-12-09 13:31:03,59
2016-12-09 13:31:08,57
2016-12-09 13:31:13,58
2016-12-09 13:31:14,58
2016-12-09 13:31:19,58
2016-12-09 13:31:25,58
2016-12-09 13:33:04,58
2016-12-09 13:33:09,58
2016-12-09 13:33:12,58
2016-12-09 13:33:15,57
2016-12-09 13:33:24,56
2016-12-09 13:33:28,56
2016-12-09 13:33:30,56
2016-12-09 13:34:48,54
2016-12-09 13:34:53,54
2016-12-09 13:34:55,54
2016-12-09 13:35:04,56
2016-12-09 13:35:09,53
2016-12-09 13:35:15,51
2016-12-09 13:35:19,50
2016-12-09 13:40:05,49
2016-12-09 13:41:47,77
2016-12-09 13:41:52,77
2016-12-09 13:41:56,77
2016-12-09 13:41:58,77
2016-12-09 13:42:07,71
2016-12-09 13:42:12,69
2016-12-09 13:42:29,82
2016-12-09 13:42:34,83
2016-12-09 13:42:39,83
2016-12-09 13:42:40,83
2016-12-09 13:42:45,83
2016-12-09 13:42:54,68
2016-12-09 13:42:56,68
2016-12-09 13:43:01,65
2016-12-09 13:44:16,77
2016-12-09 13:44:21,74
2016-12-09 13:44:24,72
2016-12-09 13:44:28,72
2016-12-09 13:45:27,55
2016-12-09 13:45:32,51
2016-12-09 13:45:37,52
2016-12-09 13:45:38,52
2016-12-09 13:45:44,53
2016-12-09 13:45:49,55
2016-12-09 13:45:58,89
2016-12-09 13:46:54,68
2016-12-09 13:46:58,65
2016-12-09 13:47:00,65
2016-12-09 13:47:06,64
2016-12-09 13:47:15,64
2016-12-09 13:47:17,64
2016-12-09 13:48:08,58
2016-12-09 13:48:12,59
2016-12-09 13:48:14,59
2016-12-09 13:48:24,58
2016-12-09 13:48:30,57
2016-12-09 13:48:36,57
2016-12-09 13:48:41,55
2016-12-09 13:49:11,53
2016-12-09 13:49:17,51
2016-12-09 13:49:22,52
2016-12-09 13:49:24,52
2016-12-09 13:49:28,53
2016-12-09 13:49:38,53
2016-12-09 13:50:15,56
2016-12-09 13:50:19,52
2016-12-09 13:50:24,52
2016-12-09 13:50:27,53
2016-12-09 13:50:35,53
2016-12-09 13:50:37,53
2016-12-09 13:51:29,81
2016-12-09 13:52:54,59
2016-12-09 13:52:56,58
2016-12-09 13:53:01,55
2016-12-09 13:53:09,55
2016-12-09 13:53:10,54
2016-12-09 13:53:20,52
2016-12-09 13:53:25,53
2016-12-09 13:54:52,57
2016-12-09 13:54:58,56
2016-12-09 13:55:03,53
2016-12-09 13:55:08,59
2016-12-09 13:57:14,74
2016-12-09 13:57:19,71
2016-12-09 13:57:20,71
2016-12-09 13:57:30,56
2016-12-09 13:57:32,57
2016-12-09 13:57:40,56
2016-12-09 13:57:45,55
2016-12-09 14:01:43,59
2016-12-09 14:01:44,58
2016-12-09 14:01:53,57
2016-12-09 14:01:58,56
2016-12-09 14:01:59,56
2016-12-09 14:02:08,55
2016-12-09 14:04:14,63
2016-12-09 14:05:39,59
2016-12-09 14:05:44,56
2016-12-09 14:05:49,57
2016-12-09 14:05:54,56
2016-12-09 14:05:59,54
2016-12-09 14:06:00,54
2016-12-09 14:06:09,52
2016-12-09 14:07:22,51
2016-12-09 14:11:28,57
2016-12-09 14:11:31,58
2016-12-09 14:11:34,59
2016-12-09 14:11:43,60
2016-12-09 14:11:47,65
2016-12-09 14:11:55,69
2016-12-09 14:12:33,61
2016-12-09 14:12:37,58
2016-12-09 14:12:41,55
2016-12-09 14:12:48,55
2016-12-09 14:12:53,54
2016-12-09 14:16:19,78
2016-12-09 14:16:22,77
2016-12-09 14:16:25,76
2016-12-09 14:16:39,73
2016-12-09 14:16:41,77
2016-12-09 14:17:28,69
2016-12-09 14:17:33,64
2016-12-09 14:17:38,63
2016-12-09 14:17:42,64
2016-12-09 14:17:44,63
2016-12-09 14:26:53,56
2016-12-09 14:30:02,58
2016-12-09 14:35:40,56
2016-12-09 14:42:27,53
2016-12-09 14:48:52,58
2016-12-09 15:02:10,83
2016-12-09 15:06:21,92
2016-12-09 15:06:26,92
2016-12-09 15:06:32,92
2016-12-09 15:06:35,92
2016-12-09 15:06:43,95
2016-12-09 15:06:45,95
2016-12-09 15:06:54,104
2016-12-09 15:06:55,104
2016-12-09 15:07:00,103
2016-12-09 15:07:08,99
2016-12-09 15:07:10,100
2016-12-09 15:07:25,99
2016-12-09 15:07:30,96
2016-12-09 15:07:31,96
2016-12-09 15:07:36,96
2016-12-09 15:07:46,92
2016-12-09 15:07:51,92
2016-12-09 15:07:53,94
2016-12-09 15:07:57,95
2016-12-09 15:08:06,87
2016-12-09 15:08:07,87
2016-12-09 15:08:18,98
2016-12-09 15:08:21,98
2016-12-09 15:08:24,98
2016-12-09 15:08:29,98
2016-12-09 15:08:38,98
2016-12-09 15:08:44,96
2016-12-09 15:08:50,96
2016-12-09 15:08:51,96
2016-12-09 15:08:56,96
2016-12-09 15:09:05,92
2016-12-09 15:09:07,92
2016-12-09 15:09:13,91
2016-12-09 15:09:19,92
2016-12-09 15:09:25,92
2016-12-09 15:09:34,91
2016-12-09 15:09:39,92
2016-12-09 15:09:42,90
2016-12-09 15:09:51,87
2016-12-09 15:09:52,87
2016-12-09 15:09:58,86
2016-12-09 15:10:04,87
2016-12-09 15:10:10,87
2016-12-09 15:10:17,95
2016-12-09 15:10:20,95
2016-12-09 15:10:30,95
2016-12-09 15:10:35,95
2016-12-09 15:10:41,95
2016-12-09 15:10:42,95
2016-12-09 15:10:48,94
2016-12-09 15:10:57,92
2016-12-09 15:11:02,92
2016-12-09 15:11:07,94
2016-12-09 15:11:10,92
2016-12-09 15:11:13,92
2016-12-09 15:11:18,94
2016-12-09 15:11:23,100
2016-12-09 15:11:34,101
2016-12-09 15:11:38,101
2016-12-09 15:11:40,100
2016-12-09 15:11:45,99
2016-12-09 15:11:55,89
2016-12-09 15:12:05,87
2016-12-09 15:12:07,89
2016-12-09 15:12:16,92
2016-12-09 15:12:22,94
2016-12-09 15:12:23,94
2016-12-09 15:12:33,87
2016-12-09 15:12:37,87
2016-12-09 15:12:39,87
2016-12-09 15:12:44,87
2016-12-09 15:12:52,94
2016-12-09 15:12:56,96
2016-12-09 15:13:09,95
2016-12-09 15:13:12,96
2016-12-09 15:13:19,96
2016-12-09 15:13:21,96
2016-12-09 15:13:35,96
2016-12-09 15:13:40,91
2016-12-09 15:13:43,86
2016-12-09 15:13:46,85
2016-12-09 15:13:55,95
2016-12-09 15:14:00,95
2016-12-09 15:14:05,95
2016-12-09 15:14:11,87
2016-12-09 15:14:12,87
2016-12-09 15:14:18,86
2016-12-09 15:14:25,82
2016-12-09 15:14:29,82
2016-12-09 15:14:38,99
2016-12-09 15:14:44,98
2016-12-09 15:14:49,99
2016-12-09 15:14:54,99
2016-12-09 15:14:55,99
2016-12-09 15:15:00,99
2016-12-09 15:15:09,99
2016-12-09 15:15:11,99
2016-12-09 15:15:20,104
2016-12-09 15:15:25,104
2016-12-09 15:15:26,104
2016-12-09 15:15:35,104
2016-12-09 15:15:37,104
2016-12-09 15:15:42,104
2016-12-09 15:15:50,104
2016-12-09 15:15:56,99
2016-12-09 15:15:57,99
2016-12-09 15:16:02,99
2016-12-09 15:16:11,98
2016-12-09 15:16:13,98
2016-12-09 15:16:24,91
2016-12-09 15:16:34,96
2016-12-09 15:16:35,96
2016-12-09 15:16:41,95
2016-12-09 15:16:50,94
2016-12-09 15:16:51,94
2016-12-09 15:16:58,96
2016-12-09 15:17:01,96
2016-12-09 15:17:07,96
2016-12-09 15:17:13,96
2016-12-09 15:17:28,96
2016-12-09 15:17:31,96
2016-12-09 15:17:37,95
2016-12-09 15:17:39,95
2016-12-09 15:17:50,104
2016-12-09 15:17:59,72
2016-12-09 15:18:03,73
2016-12-09 15:18:05,73
2016-12-09 15:18:25,95
2016-12-09 15:18:30,95
2016-12-09 15:18:31,95
2016-12-09 15:18:36,95
2016-12-09 15:18:42,96
2016-12-09 15:18:47,101
2016-12-09 15:18:57,102
2016-12-09 15:19:02,101
2016-12-09 15:19:05,101
2016-12-09 15:19:09,101
2016-12-09 15:19:19,101
2016-12-09 15:19:22,101
2016-12-09 15:19:27,101
2016-12-09 15:19:31,101
2016-12-09 15:19:36,101
2016-12-09 15:19:46,72
2016-12-09 15:19:51,72
2016-12-09 15:19:53,72
2016-12-09 15:19:59,72
2016-12-09 15:20:04,73
2016-12-09 15:20:24,96
2016-12-09 15:20:27,98
2016-12-09 15:20:35,96
2016-12-09 15:20:40,98
2016-12-09 15:20:41,98
2016-12-09 15:20:47,98
2016-12-09 15:28:42,96
2016-12-09 15:28:47,95
2016-12-09 15:28:52,96
2016-12-09 15:28:57,96
2016-12-09 15:29:02,96
2016-12-09 15:29:05,96
2016-12-09 15:29:09,96
2016-12-09 15:29:15,96
2016-12-09 15:29:24,108
2016-12-09 15:29:26,108
2016-12-09 15:29:31,108
2016-12-09 15:29:40,105
2016-12-09 15:29:46,107
2016-12-09 15:29:47,107
2016-12-09 15:29:52,107
2016-12-09 15:30:01,104
2016-12-09 15:30:12,104
2016-12-09 15:30:22,104
2016-12-09 15:30:26,104
2016-12-09 15:30:30,104
2016-12-09 15:30:35,105
2016-12-09 15:30:41,117
2016-12-09 15:30:49,119
2016-12-09 15:30:54,119
2016-12-09 15:30:57,120
2016-12-09 15:31:04,120
2016-12-09 15:31:09,118
2016-12-09 15:31:10,118
2016-12-09 15:31:23,113
2016-12-09 15:31:25,113
2016-12-09 15:31:30,113
2016-12-09 15:31:35,114
2016-12-09 15:32:06,122
2016-12-09 15:32:11,123
2016-12-09 15:32:12,122
2016-12-09 15:32:26,110
2016-12-09 15:32:28,111
2016-12-09 15:33:03,112
2016-12-09 15:33:09,110
2016-12-09 15:33:13,107
2016-12-09 15:33:15,107
2016-12-09 15:33:20,108
2016-12-09 15:33:25,107
2016-12-09 15:33:30,105
2016-12-09 15:33:40,101
2016-12-09 15:33:41,101
2016-12-09 15:33:46,101
2016-12-09 15:33:54,102
2016-12-09 15:33:58,103
2016-12-09 15:34:06,111
2016-12-09 15:34:07,111
2016-12-09 15:34:17,95
2016-12-09 15:34:22,96
2016-12-09 15:34:25,94
2016-12-09 15:34:28,91
2016-12-09 15:34:34,89
2016-12-09 15:34:38,87
2016-12-09 15:34:44,87
2016-12-09 15:34:49,87
2016-12-09 15:34:54,87
2016-12-09 15:34:59,87
2016-12-09 15:35:11,96
2016-12-09 15:35:20,117
2016-12-09 15:35:25,117
2016-12-09 15:35:28,117
2016-12-09 15:35:31,117
2016-12-09 15:35:36,117
2016-12-09 15:35:42,116
2016-12-09 15:35:46,117
2016-12-09 15:35:51,117
2016-12-09 15:35:57,117
2016-12-09 15:36:10,124
2016-12-09 15:36:12,124
2016-12-09 15:39:17,110
2016-12-09 15:39:21,110
2016-12-09 15:39:23,110
2016-12-09 15:39:32,113
2016-12-09 15:39:36,113
2016-12-09 15:39:38,113
2016-12-09 15:39:45,117
2016-12-09 15:39:52,116
2016-12-09 15:39:54,116
2016-12-09 15:39:59,115
2016-12-09 15:40:04,116
2016-12-09 15:40:09,116
2016-12-09 15:40:18,121
2016-12-09 15:40:23,121
2016-12-09 15:40:26,121
2016-12-09 15:40:35,117
2016-12-09 15:40:40,115
2016-12-09 15:40:44,113
2016-12-09 15:40:46,113
2016-12-09 15:40:51,113
2016-12-09 15:41:00,118
2016-12-09 15:41:01,118
2016-12-09 15:41:10,118
2016-12-09 15:41:13,119
2016-12-09 15:41:21,118
2016-12-09 15:41:26,117
2016-12-09 15:41:35,117
2016-12-09 15:41:41,123
2016-12-09 15:41:43,123
2016-12-09 15:41:52,122
2016-12-09 15:42:01,126
2016-12-09 15:42:02,127
2016-12-09 15:42:12,127
2016-12-09 15:42:14,131
2016-12-09 15:42:19,131
2016-12-09 15:42:24,131
2016-12-09 15:42:43,133
2016-12-09 15:42:48,134
2016-12-09 15:42:52,134
2016-12-09 15:42:54,134
2016-12-09 15:42:59,135
2016-12-09 15:43:08,135
2016-12-09 15:43:09,135
2016-12-09 15:43:18,135
2016-12-09 15:43:22,135
2016-12-09 15:43:24,135
2016-12-09 15:43:34,135
2016-12-09 15:43:35,135
2016-12-09 15:43:45,131
2016-12-09 15:43:50,131
2016-12-09 15:43:53,131
2016-12-09 15:43:56,131
2016-12-09 15:44:02,131
2016-12-09 15:44:12,130
2016-12-09 15:44:16,127
2016-12-09 15:44:19,127
2016-12-09 15:44:24,121
2016-12-09 15:44:36,124
2016-12-09 15:44:41,126
2016-12-09 15:44:50,126
2016-12-09 15:44:53,126
2016-12-09 15:44:58,127
2016-12-09 15:45:02,127
2016-12-09 15:45:07,127
2016-12-09 15:45:48,120
2016-12-09 15:45:49,120
2016-12-09 15:46:14,121
2016-12-09 15:46:16,121
2016-12-09 15:46:20,120
2016-12-09 15:46:27,111
2016-12-09 15:46:39,106
2016-12-09 15:46:45,107
2016-12-09 15:46:47,106
2016-12-09 15:46:52,106
2016-12-09 15:46:59,105
2016-12-09 15:47:03,106
2016-12-09 19:10:20,61
2016-12-09 19:16:00,61
2016-12-09 19:20:12,76
2016-12-09 19:27:04,99
2016-12-09 19:28:24,113
2016-12-09 19:29:32,73
2016-12-09 19:44:29,66
2016-12-09 19:49:09,74
2016-12-09 19:59:10,69
2016-12-09 20:01:12,65
2016-12-09 20:08:00,73
2016-12-09 20:15:22,67
2016-12-09 20:24:40,81
2016-12-09 20:26:42,69
2016-12-09 20:33:47,82
2016-12-09 20:36:22,81
2016-12-09 20:37:40,74
2016-12-09 20:47:20,74
2016-12-09 20:49:17,72
2016-12-09 21:00:15,78
2016-12-09 21:01:38,79
2016-12-09 21:04:13,80
2016-12-09 21:09:08,66
2016-12-09 21:14:35,72
2016-12-09 21:21:50,79
2016-12-09 21:24:58,72
2016-12-09 21:31:03,62
2016-12-09 21:36:08,68
2016-12-09 21:48:03,88
2016-12-09 21:51:20,68
2016-12-09 21:59:26,72
2016-12-09 22:11:21,65
2016-12-09 22:19:23,77
2016-12-09 22:23:51,72
2016-12-09 22:31:43,62
2016-12-09 22:41:44,72
2016-12-09 22:45:49,65
2016-12-09 22:52:01,65
2016-12-09 22:57:59,74
2016-12-09 23:07:16,66
2016-12-09 23:15:31,61
2016-12-09 23:21:46,60
2016-12-09 23:30:59,56
2016-12-09 23:34:16,61
2016-12-09 23:40:22,60
2016-12-09 23:44:54,63
2016-12-09 23:51:34,65
2016-12-09 23:52:44,69
2016-12-10 00:03:12,55
2016-12-10 00:07:04,55
2016-12-10 00:09:17,54
2016-12-10 00:11:59,54
2016-12-10 00:21:17,68
2016-12-10 00:24:17,54
2016-12-10 00:35:27,55
2016-12-10 00:40:50,50
2016-12-10 00:50:40,53
2016-12-10 00:53:05,54
2016-12-10 01:03:10,56
2016-12-10 01:11:28,61
2016-12-10 01:14:27,61
2016-12-10 01:25:53,62
2016-12-10 01:34:53,64
2016-12-10 01:36:03,64
2016-12-10 01:44:53,68
2016-12-10 01:46:50,68
2016-12-10 01:58:28,69
2016-12-10 02:02:33,69
2016-12-10 02:12:15,65
2016-12-10 02:14:30,66
2016-12-10 02:23:01,67
2016-12-10 02:31:03,68
2016-12-10 02:42:08,65
2016-12-10 02:49:03,65
2016-12-10 02:58:23,61
2016-12-10 03:01:38,69
2016-12-10 03:05:13,64
2016-12-10 03:10:19,61
2016-12-10 03:17:56,64
2016-12-10 03:22:14,61
2016-12-10 03:26:06,61
2016-12-10 03:35:11,58
2016-12-10 03:40:52,60
2016-12-10 03:46:52,56
2016-12-10 03:53:14,55
2016-12-10 03:58:39,54
2016-12-10 04:04:52,55
2016-12-10 04:13:52,54
2016-12-10 04:22:17,54
2016-12-10 04:26:17,53
2016-12-10 04:28:14,57
2016-12-10 04:38:57,58
2016-12-10 04:45:25,49
2016-12-10 04:51:37,97
2016-12-10 04:57:32,56
2016-12-10 05:00:25,54
2016-12-10 05:05:10,54
2016-12-10 05:13:15,53
2016-12-10 05:15:32,51
2016-12-10 05:20:00,52
2016-12-10 05:24:23,65
2016-12-10 05:31:45,51
2016-12-10 05:38:53,56
2016-12-10 05:41:35,62
2016-12-10 10:28:52,81
2016-12-10 10:30:32,81
2016-12-10 10:32:56,55
2016-12-10 10:36:11,55
2016-12-10 10:49:34,54
2016-12-10 10:52:19,67
2016-12-10 11:03:09,51
2016-12-10 11:04:29,53
2016-12-10 11:08:56,50
2016-12-10 11:13:34,78
2016-12-10 11:13:45,59
2016-12-10 11:13:50,57
2016-12-10 11:17:09,52
2016-12-10 11:25:39,62
2016-12-10 11:27:54,54
2016-12-10 11:35:07,52
2016-12-10 11:42:39,53
2016-12-10 11:44:17,55
2016-12-10 11:49:44,55
2016-12-10 11:53:17,54
2016-12-10 11:54:37,55
2016-12-10 11:59:44,52
2016-12-10 12:08:28,59
2016-12-10 12:08:32,59
2016-12-10 12:08:38,59
2016-12-10 12:08:42,59
2016-12-10 12:08:49,68
2016-12-10 12:08:54,59
2016-12-10 12:08:58,60
2016-12-10 12:09:00,61
2016-12-10 12:10:23,90
2016-12-10 12:12:50,84
2016-12-10 12:42:55,75
2016-12-10 13:01:31,61
2016-12-10 13:05:43,77
2016-12-10 13:05:44,78
2016-12-10 13:05:54,54
2016-12-10 13:06:00,55
2016-12-10 13:06:05,53
2016-12-10 13:06:11,51
2016-12-10 13:06:16,50
2016-12-10 13:06:18,50
2016-12-10 13:06:22,50
2016-12-10 13:11:13,65
2016-12-10 13:11:18,64
2016-12-10 13:11:21,63
2016-12-10 13:11:24,62
2016-12-10 13:11:29,58
2016-12-10 13:11:37,56
2016-12-10 13:11:43,55
2016-12-10 13:13:18,80
2016-12-10 13:14:52,83
2016-12-10 13:14:58,77
2016-12-10 13:15:03,71
2016-12-10 13:15:04,71
2016-12-10 13:15:13,69
2016-12-10 13:16:16,50
2016-12-10 13:24:36,72
2016-12-10 13:26:43,81
2016-12-10 13:35:23,51
2016-12-10 13:41:23,86
2016-12-10 13:42:51,74
2016-12-10 13:55:41,74
2016-12-10 14:13:51,59
2016-12-10 14:22:17,50
2016-12-10 14:30:09,63
2016-12-10 14:31:16,61
2016-12-10 14:38:19,53
2016-12-10 14:43:34,57
2016-12-10 14:44:41,65
2016-12-10 14:59:44,54
2016-12-10 19:46:21,54
2016-12-10 19:51:03,54
2016-12-10 19:57:01,52
2016-12-10 19:59:38,53
2016-12-10 20:02:43,63
2016-12-10 20:09:16,51
2016-12-10 20:12:39,53
2016-12-10 20:19:51,67
2016-12-10 20:22:00,70
2016-12-10 20:24:30,67
2016-12-10 20:36:40,55
2016-12-10 20:38:10,55
2016-12-10 20:49:37,53
2016-12-10 20:52:30,72
2016-12-10 21:01:27,51
2016-12-10 21:05:22,54
2016-12-10 21:06:27,54
2016-12-10 21:11:42,54
2016-12-10 21:15:30,51
2016-12-10 21:20:45,52
2016-12-10 21:25:28,54
2016-12-10 21:29:58,55
2016-12-10 21:34:10,54
2016-12-10 21:46:07,56
2016-12-10 21:49:52,53
2016-12-10 21:52:40,53
2016-12-10 21:57:02,54
2016-12-10 21:59:58,89
2016-12-10 22:00:03,86
2016-12-10 22:00:08,61
2016-12-10 22:00:13,59
2016-12-10 22:00:17,58
2016-12-10 22:00:23,54
2016-12-10 22:00:29,55
2016-12-10 22:00:33,54
2016-12-10 22:01:39,65
2016-12-10 22:01:43,58
2016-12-10 22:01:49,57
2016-12-10 22:01:54,57
2016-12-10 22:01:59,57
2016-12-10 22:02:04,57
2016-12-10 22:07:08,56
2016-12-10 22:11:13,56
2016-12-10 22:15:55,55
2016-12-10 22:22:00,55
2016-12-10 22:23:20,55
2016-12-10 22:27:18,64
2016-12-10 22:27:20,63
2016-12-10 22:27:25,63
2016-12-10 22:27:34,56
2016-12-10 22:27:40,55
2016-12-10 22:27:41,56
2016-12-10 22:28:00,57
2016-12-10 22:28:05,58
2016-12-10 22:28:10,60
2016-12-10 22:28:11,60
2016-12-10 22:28:26,56
2016-12-10 22:28:30,55
2016-12-10 22:28:34,54
2016-12-10 22:28:37,54
2016-12-10 22:28:42,54
2016-12-10 22:28:51,53
2016-12-10 22:28:52,53
2016-12-10 22:28:57,54
2016-12-10 22:29:08,53
2016-12-10 22:29:09,53
2016-12-10 22:29:18,52
2016-12-10 22:29:25,53
2016-12-10 22:29:30,53
2016-12-10 22:29:35,53
2016-12-10 22:29:40,53
2016-12-10 22:29:44,53
2016-12-10 22:29:47,52
2016-12-10 22:29:56,51
2016-12-10 22:29:57,51
2016-12-10 22:30:06,52
2016-12-10 22:30:07,52
2016-12-10 22:30:12,52
2016-12-10 22:30:17,56
2016-12-10 22:30:27,53
2016-12-10 22:30:28,53
2016-12-10 22:30:33,53
2016-12-10 22:30:42,53
2016-12-10 22:30:45,53
2016-12-10 22:30:48,53
2016-12-10 22:30:57,56
2016-12-10 22:32:24,52
2016-12-10 22:36:50,64
2016-12-10 22:36:53,62
2016-12-11 07:15:45,65
2016-12-11 07:24:42,51
2016-12-11 07:27:45,51
2016-12-11 07:34:57,52
2016-12-11 07:45:37,54
2016-12-11 07:46:55,54
2016-12-11 07:48:57,52
2016-12-11 07:54:05,61
2016-12-11 08:00:58,75
2016-12-11 08:08:40,58
2016-12-11 08:13:45,66
2016-12-11 08:17:58,57
2016-12-11 08:26:38,57
2016-12-11 08:30:08,59
2016-12-11 08:34:13,61
2016-12-11 08:40:00,65
2016-12-11 08:47:26,64
2016-12-11 08:53:58,73
2016-12-11 08:59:38,65
2016-12-11 09:03:23,61
2016-12-11 09:06:53,61
2016-12-11 09:12:51,59
2016-12-11 09:16:28,54
2016-12-11 09:19:26,68
2016-12-11 09:27:11,59
2016-12-11 09:31:01,66
2016-12-11 09:38:14,53
2016-12-11 09:42:54,52
2016-12-11 09:47:09,56
2016-12-11 09:51:34,78
2016-12-11 09:56:21,55
2016-12-11 09:59:09,77
2016-12-11 10:06:46,69
2016-12-11 10:08:29,52
2016-12-11 10:17:19,59
2016-12-11 10:23:52,62
2016-12-11 10:32:57,69
2016-12-11 10:36:19,61
2016-12-11 10:43:29,61
2016-12-11 10:45:34,65
2016-12-11 10:52:44,61
2016-12-11 10:55:22,59
2016-12-11 11:02:27,58
2016-12-11 11:04:30,61
2016-12-11 11:11:52,52
2016-12-11 11:12:55,52
2016-12-11 11:26:40,55
2016-12-11 11:30:32,57
2016-12-11 11:32:45,56
2016-12-11 11:42:00,66
2016-12-11 11:45:52,56
2016-12-11 11:55:28,50
2016-12-11 12:01:03,79
2016-12-11 12:03:38,53
2016-12-11 12:08:33,54
2016-12-11 12:14:33,68
2016-12-11 12:20:38,54
2016-12-11 12:22:45,52
2016-12-11 12:28:33,52
2016-12-11 12:33:25,90
2016-12-11 12:40:18,51
2016-12-11 12:48:43,52
2016-12-11 12:50:46,81
2016-12-11 12:56:33,49
2016-12-11 13:01:23,52
2016-12-11 13:04:08,50
2016-12-11 13:07:28,76
2016-12-11 13:16:23,101
2016-12-11 13:26:21,54
2016-12-11 13:34:18,55
2016-12-11 13:37:13,59
2016-12-11 13:41:08,58
2016-12-11 13:45:36,66
2016-12-11 13:52:01,61
2016-12-11 14:00:28,52
2016-12-11 14:01:58,90
2016-12-11 14:07:36,59
2016-12-11 14:15:36,67
2016-12-11 14:18:39,74
2016-12-11 14:24:34,67
2016-12-11 14:30:31,88
2016-12-11 14:34:49,60
2016-12-11 14:38:31,73
2016-12-11 14:46:31,61
2016-12-11 14:49:36,72
2016-12-11 15:08:28,61
2016-12-11 15:08:33,59
2016-12-11 15:08:35,59
2016-12-11 15:08:43,60
2016-12-11 15:08:47,60
2016-12-11 15:08:52,59
2016-12-11 15:08:56,59
2016-12-11 15:10:25,173
2016-12-11 15:10:26,173
2016-12-11 15:10:31,173
2016-12-11 15:11:34,167
2016-12-11 15:11:41,167
2016-12-11 15:11:47,157
2016-12-11 15:11:58,156
2016-12-11 15:12:02,174
2016-12-11 15:12:05,173
2016-12-11 15:12:29,157
2016-12-11 15:12:34,157
2016-12-11 15:12:37,156
2016-12-11 15:12:41,155
2016-12-11 15:12:47,155
2016-12-11 15:12:52,153
2016-12-11 15:12:57,153
2016-12-11 15:13:06,155
2016-12-11 15:13:10,165
2016-12-11 15:13:18,155
2016-12-11 15:13:20,155
2016-12-11 15:13:27,156
2016-12-11 15:13:33,155
2016-12-11 15:13:34,155
2016-12-11 15:13:43,150
2016-12-11 15:13:50,144
2016-12-11 15:13:53,142
2016-12-11 15:13:56,142
2016-12-11 15:14:06,138
2016-12-11 15:15:10,103
2016-12-11 15:15:11,103
2016-12-11 15:15:16,103
2016-12-11 15:15:25,102
2016-12-11 15:15:27,102
2016-12-11 15:15:40,96
2016-12-11 15:15:42,95
2016-12-11 15:15:46,96
2016-12-11 15:15:56,92
2016-12-11 15:15:58,92
2016-12-11 15:16:02,92
2016-12-11 15:16:07,92
2016-12-11 15:16:16,92
2016-12-11 15:16:17,92
2016-12-11 15:16:26,95
2016-12-11 15:16:31,96
2016-12-11 15:16:32,96
2016-12-11 15:16:37,96
2016-12-11 15:16:43,96
2016-12-11 15:16:48,95
2016-12-11 15:16:55,95
2016-12-11 15:16:59,95
2016-12-11 15:17:05,96
2016-12-11 15:17:09,96
2016-12-11 15:17:18,96
2016-12-11 15:17:19,96
2016-12-11 15:17:28,95
2016-12-11 15:17:29,95
2016-12-11 15:17:39,96
2016-12-11 15:17:44,96
2016-12-11 15:17:45,96
2016-12-11 15:17:51,96
2016-12-11 15:18:00,96
2016-12-11 15:18:02,96
2016-12-11 15:18:11,95
2016-12-11 15:18:17,96
2016-12-11 15:18:20,96
2016-12-11 15:18:23,96
2016-12-11 15:18:45,85
2016-12-11 15:18:50,85
2016-12-11 15:18:53,86
2016-12-11 15:18:56,86
2016-12-11 15:19:01,86
2016-12-11 15:19:10,78
2016-12-11 15:19:11,78
2016-12-11 15:19:16,78
2016-12-11 15:20:20,92
2016-12-11 15:20:23,92
2016-12-11 15:20:30,96
2016-12-11 15:20:33,92
2016-12-11 15:20:39,105
2016-12-11 15:20:46,103
2016-12-11 15:20:51,103
2016-12-11 15:21:14,95
2016-12-11 15:21:33,95
2016-12-11 15:21:38,95
2016-12-11 15:21:41,95
2016-12-11 15:21:45,95
2016-12-11 15:21:54,95
2016-12-11 15:31:22,97
2016-12-11 15:40:31,81
2016-12-11 15:45:56,95
2016-12-11 16:13:39,69
2016-12-11 16:16:09,77
2016-12-11 16:20:21,81
2016-12-11 16:22:54,76
2016-12-11 16:22:59,68
2016-12-11 16:23:00,68
2016-12-11 16:23:10,87
2016-12-11 16:50:02,59
2016-12-11 16:55:55,55
2016-12-11 17:02:39,57
2016-12-11 17:05:27,57
2016-12-11 17:09:44,59
2016-12-11 17:18:17,56
2016-12-11 17:21:29,56
2016-12-11 17:25:22,55
2016-12-11 17:29:57,65
2016-12-11 17:48:05,86
2016-12-11 17:49:30,57
2016-12-11 18:00:57,74
2016-12-11 18:05:05,58
2016-12-11 18:07:45,60
2016-12-11 18:16:02,70
2016-12-11 18:18:40,54
2016-12-11 18:24:50,52
2016-12-11 18:29:23,49
2016-12-11 18:35:38,54
2016-12-11 18:41:12,49
2016-12-11 18:49:55,52
2016-12-11 18:57:50,46
2016-12-11 18:59:28,52
2016-12-11 19:02:25,58
2016-12-11 19:12:23,72
2016-12-11 19:17:10,53
2016-12-11 19:23:33,49
2016-12-11 19:25:13,52
2016-12-11 19:27:56,50
2016-12-11 19:38:36,49
2016-12-11 19:41:43,55
2016-12-11 19:47:18,50
2016-12-11 19:49:13,51
2016-12-11 20:27:17,66
2016-12-11 20:35:57,67
2016-12-11 20:37:36,67
2016-12-11 20:55:27,54
2016-12-11 21:05:34,62
2016-12-11 21:05:39,59
2016-12-11 21:05:42,59
2016-12-11 21:05:49,65
2016-12-11 21:05:54,63
2016-12-11 21:05:55,63
2016-12-11 21:06:00,67
2016-12-11 21:06:08,69
2016-12-11 21:06:10,69
2016-12-11 21:06:15,69
2016-12-11 21:14:30,49
2016-12-11 21:22:14,52
2016-12-11 21:30:22,102
2016-12-11 21:35:54,104
2016-12-11 21:43:59,107
2016-12-11 21:52:02,103
2016-12-11 21:58:04,54
2016-12-11 21:59:49,54
2016-12-11 22:07:35,53
2016-12-11 22:13:32,52
2016-12-11 22:18:30,54
2016-12-11 22:20:57,58
2016-12-11 22:27:55,58
2016-12-11 22:33:45,55
2016-12-11 22:37:52,53
2016-12-11 22:42:05,52
2016-12-11 22:47:37,53
2016-12-11 22:49:55,54
2016-12-11 22:59:23,52
2016-12-11 23:06:38,51
2016-12-11 23:12:18,49
2016-12-11 23:16:58,52
2016-12-11 23:22:28,49
2016-12-11 23:28:13,49
2016-12-11 23:31:38,49
2016-12-11 23:32:40,49
2016-12-11 23:45:25,53
2016-12-11 23:49:38,90
2016-12-11 23:58:23,46
2016-12-12 00:03:48,46
2016-12-12 00:05:18,46
2016-12-12 00:14:46,44
2016-12-12 00:20:26,44
2016-12-12 00:26:41,44
2016-12-12 00:30:48,44
2016-12-12 00:38:38,44
2016-12-12 00:41:18,44
2016-12-12 00:44:18,45
2016-12-12 00:51:38,44
2016-12-12 00:57:59,46
2016-12-12 01:03:59,48
2016-12-12 01:08:31,49
2016-12-12 01:12:34,48
2016-12-12 01:18:06,46
2016-12-12 01:26:26,46
2016-12-12 01:32:04,45
2016-12-12 01:36:44,46
2016-12-12 01:40:17,46
2016-12-12 01:47:59,47
2016-12-12 01:49:57,47
2016-12-12 01:56:49,47
2016-12-12 02:01:52,46
2016-12-12 02:09:24,46
2016-12-12 02:11:47,46
2016-12-12 02:15:04,46
2016-12-12 02:24:47,46
2016-12-12 02:27:32,46
2016-12-12 02:29:05,46
2016-12-12 02:37:55,45
2016-12-12 02:41:17,46
2016-12-12 02:42:30,47
2016-12-12 02:49:57,49
2016-12-12 02:57:12,48
2016-12-12 03:03:27,46
2016-12-12 03:07:00,49
2016-12-12 03:14:35,44
2016-12-12 03:18:00,44
2016-12-12 03:19:40,44
2016-12-12 03:29:43,44
2016-12-12 03:32:15,46
2016-12-12 03:37:53,44
2016-12-12 03:46:15,43
2016-12-12 03:48:25,43
2016-12-12 03:55:30,43
2016-12-12 04:03:10,43
2016-12-12 04:05:50,43
2016-12-12 04:14:08,44
2016-12-12 04:21:20,44
2016-12-12 04:25:35,44
2016-12-12 04:29:38,44
2016-12-12 04:37:36,42
2016-12-12 04:42:08,41
2016-12-12 04:46:31,44
2016-12-12 04:52:08,43
2016-12-12 04:58:21,44
2016-12-12 05:02:46,43
2016-12-12 05:06:06,42
2016-12-12 05:11:06,43
2016-12-12 05:14:16,43
2016-12-12 05:19:09,44
2016-12-12 05:25:34,49
2016-12-12 19:15:12,65
2016-12-12 19:23:06,63
2016-12-12 19:26:39,57
2016-12-12 19:30:54,59
2016-12-12 19:33:46,57
2016-12-12 19:38:46,59
2016-12-12 19:44:26,65
2016-12-12 19:55:29,74
2016-12-12 20:01:24,81
2016-12-12 20:05:19,67
2016-12-12 20:08:34,69
2016-12-12 20:14:14,69
2016-12-12 20:20:37,61
2016-12-12 20:25:17,64
2016-12-12 20:28:29,61
2016-12-12 20:58:33,54
2016-12-12 21:03:00,53
2016-12-12 21:10:22,54
2016-12-12 21:13:40,55
2016-12-12 21:22:15,57
2016-12-12 21:26:52,57
2016-12-12 21:32:02,58
2016-12-12 21:42:05,63
2016-12-12 21:49:55,62
2016-12-12 21:56:15,62
2016-12-12 22:02:45,67
2016-12-12 22:05:25,69
2016-12-12 22:15:25,70
2016-12-12 22:16:48,74
2016-12-12 22:24:38,69
2016-12-12 22:26:31,75
2016-12-12 22:34:43,69
2016-12-12 22:37:08,69
2016-12-12 22:39:20,65
2016-12-12 22:47:48,61
2016-12-12 22:52:03,61
2016-12-12 22:57:51,61
2016-12-12 23:07:16,61
2016-12-12 23:12:56,61
2016-12-12 23:20:58,60
2016-12-12 23:27:06,58
2016-12-12 23:32:41,61
2016-12-12 23:35:51,61
2016-12-12 23:42:36,61
2016-12-12 23:49:06,59
2016-12-12 23:53:04,57
2016-12-12 23:57:41,54
2016-12-13 00:04:11,55
2016-12-13 00:12:41,55
2016-12-13 00:17:07,55
2016-12-13 00:24:39,55
2016-12-13 00:25:49,55
2016-12-13 00:34:57,56
2016-12-13 00:36:24,56
2016-12-13 00:42:52,54
2016-12-13 00:48:34,54
2016-12-13 00:57:10,57
2016-12-13 00:58:47,62
2016-12-13 01:08:20,61
2016-12-13 01:10:50,61
2016-12-13 01:19:15,60
2016-12-13 01:24:07,58
2016-12-13 01:32:10,54
2016-12-13 01:36:52,53
2016-12-13 01:41:32,54
2016-12-13 01:47:35,54
2016-12-13 01:54:03,50
2016-12-13 01:56:08,50
2016-12-13 02:03:23,54
2016-12-13 02:10:00,56
2016-12-13 02:14:03,55
2016-12-13 02:19:50,56
2016-12-13 02:25:00,55
2016-12-13 02:31:38,56
2016-12-13 02:33:10,55
2016-12-13 02:35:58,51
2016-12-13 02:44:46,53
2016-12-13 02:46:13,56
2016-12-13 02:54:03,54
2016-12-13 02:56:58,51
2016-12-13 03:04:43,52
2016-12-13 03:10:11,52
2016-12-13 03:11:23,53
2016-12-13 03:14:58,52
2016-12-13 03:26:06,50
2016-12-13 03:32:49,49
2016-12-13 03:40:06,49
2016-12-13 03:43:09,49
2016-12-13 03:46:16,49
2016-12-13 03:57:46,50
2016-12-13 04:01:31,52
2016-12-13 04:07:06,49
2016-12-13 04:11:46,49
2016-12-13 04:18:54,47
2016-12-13 04:26:27,48
2016-12-13 04:31:57,45
2016-12-13 04:35:34,49
2016-12-13 04:48:37,45
2016-12-13 04:55:14,47
2016-12-13 04:58:14,46
2016-12-13 05:03:42,46
2016-12-13 05:09:05,46
2016-12-13 05:13:12,47
2016-12-13 05:15:34,97
2016-12-13 05:15:39,81
2016-12-13 05:15:45,77
2016-12-13 05:21:20,47
2016-12-13 05:24:58,46
2016-12-13 05:29:50,45
2016-12-13 05:42:07,44
2016-12-13 05:44:57,45
2016-12-13 05:47:07,45
2016-12-13 05:49:07,45
2016-12-13 05:57:05,55
2016-12-13 06:04:20,58
2016-12-13 06:11:32,69
2016-12-13 06:34:25,114
2016-12-13 06:59:44,81
2016-12-13 07:03:49,71
2016-12-13 07:12:09,59
2016-12-13 07:13:14,61
2016-12-13 07:20:24,65
2016-12-13 07:26:26,60
2016-12-13 07:30:14,62
2016-12-13 07:33:49,70
2016-12-13 07:39:37,62
2016-12-13 07:43:44,66
2016-12-13 07:51:04,64
2016-12-13 07:53:22,73
2016-12-13 08:02:17,74
2016-12-13 08:07:47,65
2016-12-13 08:13:49,65
2016-12-13 08:18:47,67
2016-12-13 08:22:27,74
2016-12-13 08:35:10,66
2016-12-13 08:53:07,57
2016-12-13 08:55:32,59
2016-12-13 09:03:35,97
2016-12-13 09:06:27,59
2016-12-13 09:13:00,60
2016-12-13 09:17:22,79
2016-12-13 09:29:45,69
2016-12-13 09:30:50,63
2016-12-13 09:37:48,62
2016-12-13 09:45:55,65
2016-12-13 09:47:40,66
2016-12-13 09:55:30,61
2016-12-13 09:57:05,67
2016-12-13 10:04:55,70
2016-12-13 10:14:05,67
2016-12-13 10:18:30,69
2016-12-13 10:27:40,75
2016-12-13 10:32:50,68
2016-12-13 10:43:13,75
2016-12-13 10:45:26,89
2016-12-13 10:51:08,70
2016-12-13 10:57:11,59
2016-12-13 11:09:30,81
2016-12-13 11:09:34,78
2016-12-13 11:09:36,78
2016-12-13 11:09:46,71
2016-12-13 11:09:52,68
2016-12-13 11:09:55,68
2016-12-13 11:10:33,69
2016-12-13 11:10:36,69
2016-12-13 11:10:45,71
2016-12-13 11:10:48,69
2016-12-13 11:10:56,77
2016-12-13 11:11:16,80
2016-12-13 11:11:21,78
2016-12-13 11:11:26,77
2016-12-13 11:11:28,74
2016-12-13 11:11:32,71
2016-12-13 11:11:37,71
2016-12-13 11:11:42,65
2016-12-13 11:12:32,59
2016-12-13 11:12:36,59
2016-12-13 11:12:39,59
2016-12-13 11:12:48,59
2016-12-13 11:12:53,59
2016-12-13 11:12:54,59
2016-12-13 11:12:59,59
2016-12-13 11:13:24,64
2016-12-13 11:13:30,65
2016-12-13 11:13:35,65
2016-12-13 11:13:36,65
2016-12-13 11:13:45,59
2016-12-13 11:20:59,64
2016-12-13 11:26:30,67
2016-12-13 11:30:25,74
2016-12-13 11:35:32,71
2016-12-13 11:35:51,85
2016-12-13 11:35:57,78
2016-12-13 11:35:58,78
2016-12-13 11:36:07,73
2016-12-13 11:36:12,78
2016-12-13 11:39:47,64
2016-12-13 11:47:32,74
2016-12-13 11:50:34,72
2016-12-13 11:56:44,61
2016-12-13 12:00:39,66
2016-12-13 12:08:47,67
2016-12-13 12:22:27,62
2016-12-13 12:29:39,74
2016-12-13 12:33:49,69
2016-12-13 12:34:59,82
2016-12-13 12:44:12,68
2016-12-13 12:46:57,87
2016-12-13 12:53:55,83
2016-12-13 12:57:52,61
2016-12-13 13:02:34,74
2016-12-13 13:10:37,74
2016-12-13 13:16:05,88
2016-12-13 13:21:12,66
2016-12-13 13:23:12,69
2016-12-13 13:31:25,77
2016-12-13 13:31:28,65
2016-12-13 13:31:34,65
2016-12-13 13:31:37,64
2016-12-13 13:31:42,63
2016-12-13 13:31:57,85
2016-12-13 13:32:18,61
2016-12-13 13:32:23,65
2016-12-13 13:32:26,65
2016-12-13 13:32:30,64
2016-12-13 13:32:36,65
2016-12-13 13:35:45,61
2016-12-13 13:41:22,68
2016-12-13 13:48:04,72
2016-12-13 13:57:29,59
2016-12-13 13:59:27,62
2016-12-13 14:03:59,67
2016-12-13 14:12:09,57
2016-12-13 14:17:14,52
2016-12-13 14:19:24,58
2016-12-13 14:27:52,63
2016-12-13 14:33:04,73
2016-12-13 14:36:29,76
2016-12-13 14:40:42,61
2016-12-13 14:48:00,54
2016-12-13 14:49:22,67
2016-12-13 14:56:10,66
2016-12-13 14:59:27,82
2016-12-13 15:04:35,68
2016-12-13 15:11:07,63
2016-12-13 15:12:17,75
2016-12-13 15:21:50,61
2016-12-13 15:25:15,65
2016-12-13 15:37:08,106
2016-12-13 15:48:10,68
2016-12-13 15:54:53,61
2016-12-13 15:57:08,64
2016-12-13 16:02:13,65
2016-12-13 16:10:05,70
2016-12-13 16:11:50,73
2016-12-13 16:17:50,63
2016-12-13 16:20:03,63
2016-12-13 16:28:18,62
2016-12-13 16:33:43,71
2016-12-13 16:36:53,80
2016-12-13 16:37:16,89
2016-12-13 16:37:22,89
2016-12-13 16:37:23,89
2016-12-13 16:37:31,77
2016-12-13 16:37:33,77
2016-12-13 16:37:40,68
2016-12-13 16:37:45,68
2016-12-13 16:37:54,74
2016-12-13 16:38:20,52
2016-12-13 16:38:31,86
2016-12-13 16:38:35,85
2016-12-13 16:38:37,83
2016-12-13 16:38:44,77
2016-12-13 16:38:49,69
2016-12-13 16:38:56,68
2016-12-13 16:39:58,74
2016-12-13 16:40:03,78
2016-12-13 16:40:04,78
2016-12-13 16:40:09,78
2016-12-13 16:40:19,83
2016-12-13 16:40:20,82
2016-12-13 16:41:18,74
2016-12-13 16:41:22,80
2016-12-13 16:41:26,81
2016-12-13 16:41:29,80
2016-12-13 16:41:53,94
2016-12-13 16:41:55,94
2016-12-13 16:41:59,92
2016-12-13 16:42:08,72
2016-12-13 16:42:14,72
2016-12-13 16:42:19,71
2016-12-13 16:42:25,71
2016-12-13 16:42:54,77
2016-12-13 16:42:59,78
2016-12-13 16:43:04,77
2016-12-13 16:43:08,73
2016-12-13 16:43:10,73
2016-12-13 16:43:17,71
2016-12-13 16:43:56,89
2016-12-13 16:43:58,89
2016-12-13 16:44:13,71
2016-12-13 16:47:10,78
2016-12-13 16:47:13,78
2016-12-13 16:47:20,78
2016-12-13 16:47:23,77
2016-12-13 16:47:30,78
2016-12-13 16:47:56,61
2016-12-13 16:48:00,62
2016-12-13 16:48:04,81
2016-12-13 16:48:13,73
2016-12-13 16:48:15,73
2016-12-13 16:48:21,72
2016-12-13 16:48:27,69
2016-12-13 16:48:57,86
2016-12-13 16:49:02,85
2016-12-13 16:49:05,83
2016-12-13 16:49:12,74
2016-12-13 16:49:17,65
2016-12-13 16:49:22,69
2016-12-13 16:49:27,74
2016-12-13 16:49:32,74
2016-12-13 16:50:13,68
2016-12-13 16:50:17,65
2016-12-13 16:50:24,62
2016-12-13 16:50:26,61
2016-12-13 16:50:32,64
2016-12-13 16:50:40,105
2016-12-13 16:50:42,104
2016-12-13 16:50:48,69
2016-12-13 16:51:44,95
2016-12-13 16:51:49,68
2016-12-13 16:51:54,65
2016-12-13 16:51:59,64
2016-12-13 16:52:05,67
2016-12-13 16:52:09,71
2016-12-13 16:52:11,71
2016-12-13 16:53:26,83
2016-12-13 16:53:31,82
2016-12-13 16:53:33,82
2016-12-13 16:53:37,81
2016-12-13 16:53:47,73
2016-12-13 16:53:48,73
2016-12-13 16:58:12,67
2016-12-13 17:02:00,89
2016-12-13 17:05:52,72
2016-12-13 17:08:12,72
2016-12-13 17:15:14,77
2016-12-13 17:16:32,81
2016-12-13 17:28:42,65
2016-12-13 17:31:22,60
2016-12-13 17:41:12,74
2016-12-13 17:47:42,60
2016-12-13 17:51:44,58
2016-12-13 17:53:19,59
2016-12-13 17:58:27,83
2016-12-13 18:05:27,56
2016-12-13 18:14:19,61
2016-12-13 18:16:39,58
2016-12-13 18:21:44,63
2016-12-13 18:25:12,59
2016-12-13 18:31:35,65
2016-12-13 18:33:35,65
2016-12-13 18:40:27,61
2016-12-13 18:41:40,58
2016-12-13 18:48:25,60
2016-12-13 19:17:33,112
2016-12-13 19:17:37,111
2016-12-13 19:17:39,112
2016-12-13 19:18:22,71
2016-12-13 19:18:25,71
2016-12-13 19:18:28,69
2016-12-13 19:18:37,74
2016-12-13 19:20:45,148
2016-12-13 19:20:47,149
2016-12-13 19:21:00,94
2016-12-13 19:21:01,94
2016-12-13 19:21:08,94
2016-12-13 19:21:11,94
2016-12-13 19:22:22,69
2016-12-13 19:22:26,69
2016-12-13 19:22:28,69
2016-12-13 19:22:35,74
2016-12-13 19:22:41,69
2016-12-13 19:22:47,74
2016-12-13 19:22:50,74
2016-12-13 19:22:53,76
2016-12-13 19:23:48,144
2016-12-13 19:23:50,144
2016-12-13 19:33:41,107
2016-12-13 19:33:42,107
2016-12-13 19:35:14,80
2016-12-13 19:35:16,81
2016-12-13 19:36:57,82
2016-12-13 19:37:00,81
2016-12-13 19:37:03,82
2016-12-13 19:37:57,69
2016-12-13 19:38:02,57
2016-12-13 19:38:08,56
2016-12-13 19:38:13,55
2016-12-13 19:38:17,55
2016-12-13 19:38:23,56
2016-12-13 19:38:40,88
2016-12-13 19:52:30,76
2016-12-13 19:54:10,85
2016-12-13 20:01:40,83
2016-12-13 20:16:06,86
2016-12-13 20:22:16,56
2016-12-13 20:29:03,56
2016-12-13 20:30:43,58
2016-12-13 20:40:31,72
2016-12-13 20:42:22,58
2016-12-13 20:42:28,57
2016-12-13 20:42:31,56
2016-12-13 20:42:34,56
2016-12-13 20:44:12,55
2016-12-13 20:52:20,73
2016-12-13 20:54:44,68
2016-12-13 21:01:24,78
2016-12-13 21:04:04,58
2016-12-13 21:09:02,66
2016-12-13 21:15:22,60
2016-12-13 21:18:22,72
2016-12-13 21:25:57,60
2016-12-13 22:46:14,55
2016-12-13 22:48:34,54
2016-12-13 22:52:58,55
2016-12-13 23:00:28,55
2016-12-13 23:06:03,58
2016-12-13 23:11:48,57
2016-12-13 23:20:08,58
2016-12-13 23:23:36,61
2016-12-13 23:25:43,61
2016-12-13 23:29:16,61
2016-12-13 23:32:41,62
2016-12-13 23:38:53,62
2016-12-13 23:43:44,61
2016-12-13 23:51:19,61
2016-12-13 23:54:29,61
2016-12-13 23:58:39,61
2016-12-14 00:06:31,60
2016-12-14 00:12:16,65
2016-12-14 00:14:04,64
2016-12-14 00:19:09,64
2016-12-14 00:24:36,61
2016-12-14 00:29:46,61
2016-12-14 00:34:49,61
2016-12-14 00:44:52,61
2016-12-14 00:49:42,61
2016-12-14 00:52:29,59
2016-12-14 00:53:54,61
2016-12-14 01:01:14,55
2016-12-14 01:04:34,55
2016-12-14 01:18:54,55
2016-12-14 01:24:57,55
2016-12-14 01:27:30,57
2016-12-14 01:37:27,59
2016-12-14 01:38:52,60
2016-12-14 01:47:12,56
2016-12-14 01:51:20,54
2016-12-14 01:54:30,54
2016-12-14 02:06:32,52
2016-12-14 02:12:02,51
2016-12-14 02:14:25,52
2016-12-14 02:19:42,51
2016-12-14 02:25:45,51
2016-12-14 02:29:18,51
2016-12-14 02:36:40,52
2016-12-14 02:39:30,50
2016-12-14 02:44:18,49
2016-12-14 02:49:20,50
2016-12-14 02:56:15,49
2016-12-14 02:58:43,50
2016-12-14 03:05:13,52
2016-12-14 03:14:38,48
2016-12-14 03:16:11,46
2016-12-14 03:20:26,49
2016-12-14 03:24:41,49
2016-12-14 03:29:06,52
2016-12-14 03:36:38,49
2016-12-14 03:42:41,48
2016-12-14 03:46:46,46
2016-12-14 03:53:31,46
2016-12-14 03:55:16,49
2016-12-14 03:58:39,46
2016-12-14 04:06:41,47
2016-12-14 04:11:11,47
2016-12-14 04:21:04,46
2016-12-14 04:27:16,46
2016-12-14 04:30:21,45
2016-12-14 04:34:44,48
2016-12-14 04:39:07,49
2016-12-14 04:46:42,46
2016-12-14 04:52:04,47
2016-12-14 04:54:49,46
2016-12-14 05:02:34,46
2016-12-14 05:07:04,46
2016-12-14 05:11:52,46
2016-12-14 05:13:17,49
2016-12-14 05:22:09,47
2016-12-14 05:23:27,47
2016-12-14 05:34:37,60
2016-12-14 05:43:27,51
2016-12-14 05:46:00,54
2016-12-14 06:42:01,59
2016-12-14 07:04:26,56
2016-12-14 07:05:43,64
2016-12-14 07:05:48,59
2016-12-14 07:05:50,59
2016-12-14 07:05:55,59
2016-12-14 07:06:04,65
2016-12-14 07:06:09,65
2016-12-14 07:06:14,64
2016-12-14 07:06:16,63
2016-12-14 07:07:42,132
2016-12-14 07:07:52,74
2016-12-14 07:07:56,73
2016-12-14 07:07:58,73
2016-12-14 07:08:07,61
2016-12-14 07:08:12,59
2016-12-14 07:11:27,56
2016-12-14 07:19:36,60
2016-12-14 07:23:29,57
2016-12-14 07:25:56,54
2016-12-14 07:29:46,61
2016-12-14 07:36:54,57
2016-12-14 07:43:24,57
2016-12-14 07:47:39,57
2016-12-14 07:53:34,56
2016-12-14 07:56:24,88
2016-12-14 08:21:49,77
2016-12-14 08:35:57,71
2016-12-14 08:40:04,83
2016-12-14 08:58:47,73
2016-12-14 09:07:50,90
2016-12-14 09:09:42,77
2016-12-14 09:28:45,88
2016-12-14 09:33:55,73
2016-12-14 09:47:47,82
2016-12-14 09:56:53,74
2016-12-14 10:00:43,73
2016-12-14 10:03:38,74
2016-12-14 10:09:18,66
2016-12-14 10:19:58,61
2016-12-14 10:22:08,70
2016-12-14 10:24:23,61
2016-12-14 10:31:23,61
2016-12-14 10:36:23,58
2016-12-14 10:39:15,73
2016-12-14 10:47:35,83
2016-12-14 10:52:11,82
2016-12-14 10:56:21,72
2016-12-14 10:59:03,81
2016-12-14 11:08:58,67
2016-12-14 11:11:21,66
2016-12-14 11:27:23,70
2016-12-14 11:33:41,64
2016-12-14 11:46:13,81
2016-12-14 11:52:21,69
2016-12-14 11:56:56,71
2016-12-14 12:01:11,69
2016-12-14 12:11:56,74
2016-12-14 12:18:04,67
2016-12-14 12:19:54,79
2016-12-14 12:25:59,73
2016-12-14 12:32:09,82
2016-12-14 12:38:39,67
2016-12-14 12:48:09,102
2016-12-14 12:51:47,60
2016-12-14 12:51:52,59
2016-12-14 12:51:53,59
2016-12-14 12:52:02,63
2016-12-14 12:52:07,60
2016-12-14 12:52:12,61
2016-12-14 12:52:17,62
2016-12-14 12:53:33,81
2016-12-14 12:53:38,78
2016-12-14 12:53:40,78
2016-12-14 12:53:49,65
2016-12-14 12:53:54,61
2016-12-14 12:54:00,59
2016-12-14 12:54:05,58
2016-12-14 12:54:07,57
2016-12-14 12:54:30,74
2016-12-14 12:54:34,64
2016-12-14 12:54:39,62
2016-12-14 12:54:45,62
2016-12-14 12:54:47,62
2016-12-14 12:54:56,62
2016-12-14 12:55:01,62
2016-12-14 12:55:06,62
2016-12-14 12:57:39,100
2016-12-14 12:57:44,98
2016-12-14 12:57:50,96
2016-12-14 12:57:53,98
2016-12-14 12:57:56,98
2016-12-14 12:58:05,99
2016-12-14 12:59:02,117
2016-12-14 12:59:07,115
2016-12-14 12:59:09,115
2016-12-14 12:59:17,116
2016-12-14 12:59:19,116
2016-12-14 13:00:42,86
2016-12-14 13:00:47,83
2016-12-14 13:00:52,78
2016-12-14 13:00:53,78
2016-12-14 13:01:03,78
2016-12-14 13:01:04,78
2016-12-14 13:01:39,108
2016-12-14 13:01:43,110
2016-12-14 13:02:30,91
2016-12-14 13:02:32,91
2016-12-14 13:02:38,101
2016-12-14 13:04:34,51
2016-12-14 13:04:41,63
2016-12-14 13:04:54,68
2016-12-14 13:04:55,68
2016-12-14 13:05:22,91
2016-12-14 13:05:25,98
2016-12-14 13:05:29,98
2016-12-14 13:06:07,82
2016-12-14 13:06:08,82
2016-12-14 13:06:17,73
2016-12-14 13:06:19,73
2016-12-14 13:06:26,72
2016-12-14 13:06:29,72
2016-12-14 13:07:43,46
2016-12-14 13:08:04,85
2016-12-14 13:08:05,85
2016-12-14 13:08:44,77
2016-12-14 13:08:45,77
2016-12-14 13:09:00,74
2016-12-14 13:09:01,74
2016-12-14 13:12:04,77
2016-12-14 13:12:09,77
2016-12-14 13:12:14,76
2016-12-14 13:12:20,76
2016-12-14 13:12:23,76
2016-12-14 13:12:29,76
2016-12-14 13:13:11,69
2016-12-14 13:13:17,78
2016-12-14 13:13:32,68
2016-12-14 13:13:37,68
2016-12-14 13:14:31,77
2016-12-14 13:14:37,77
2016-12-14 13:15:09,96
2016-12-14 13:15:10,96
2016-12-14 13:15:18,95
2016-12-14 13:15:20,95
2016-12-14 13:15:59,55
2016-12-14 13:16:00,53
2016-12-14 13:16:09,80
2016-12-14 13:16:12,80
2016-12-14 13:16:19,78
2016-12-14 13:16:21,78
2016-12-14 13:17:32,78
2016-12-14 13:17:37,74
2016-12-14 13:17:42,73
2016-12-14 13:17:47,76
2016-12-14 13:17:51,76
2016-12-14 13:17:53,76
2016-12-14 13:18:00,69
2016-12-14 13:22:44,78
2016-12-14 13:22:50,77
2016-12-14 13:22:55,76
2016-12-14 13:23:01,71
2016-12-14 13:23:06,69
2016-12-14 13:23:07,69
2016-12-14 13:23:12,71
2016-12-14 13:23:43,81
2016-12-14 13:23:48,82
2016-12-14 13:23:52,81
2016-12-14 13:23:59,81
2016-12-14 13:24:02,81
2016-12-14 13:24:06,81
2016-12-14 13:24:35,78
2016-12-14 13:24:40,83
2016-12-14 13:24:42,82
2016-12-14 13:24:52,76
2016-12-14 13:24:57,71
2016-12-14 13:24:59,69
2016-12-14 13:25:38,85
2016-12-14 13:25:42,81
2016-12-14 13:25:47,81
2016-12-14 13:25:52,76
2016-12-14 13:25:56,83
2016-12-14 13:31:20,59
2016-12-14 13:31:21,59
2016-12-14 13:31:35,67
2016-12-14 13:31:41,65
2016-12-14 13:32:28,91
2016-12-14 13:32:33,83
2016-12-14 13:32:36,83
2016-12-14 13:32:39,83
2016-12-14 13:32:45,83
2016-12-14 13:34:24,80
2016-12-14 13:34:29,81
2016-12-14 13:34:35,77
2016-12-14 13:34:37,77
2016-12-14 13:34:58,80
2016-12-14 13:35:01,78
2016-12-14 13:35:08,78
2016-12-14 13:35:12,77
2016-12-14 13:35:17,76
2016-12-14 13:40:42,78
2016-12-14 13:40:52,83
2016-12-14 13:40:57,78
2016-12-14 13:40:59,80
2016-12-14 13:41:06,83
2016-12-14 13:41:22,81
2016-12-14 13:41:27,78
2016-12-14 13:41:29,77
2016-12-14 13:41:38,76
2016-12-14 13:41:40,74
2016-12-14 13:41:57,89
2016-12-14 13:42:03,87
2016-12-14 13:42:07,86
2016-12-14 13:42:15,78
2016-12-14 13:42:18,80
2016-12-14 13:42:22,85
2016-12-14 13:42:54,86
2016-12-14 13:43:00,85
2016-12-14 13:43:03,81
2016-12-14 13:43:09,74
2016-12-14 13:43:15,74
2016-12-14 13:43:16,74
2016-12-14 13:43:21,77
2016-12-14 13:43:58,89
2016-12-14 13:44:03,90
2016-12-14 13:44:09,90
2016-12-14 13:44:15,89
2016-12-14 13:44:18,90
2016-12-14 13:44:22,91
2016-12-14 13:44:41,85
2016-12-14 13:44:44,86
2016-12-14 13:44:51,86
2016-12-14 13:44:56,85
2016-12-14 13:44:59,83
2016-12-14 13:45:07,78
2016-12-14 13:45:13,81
2016-12-14 13:45:14,81
2016-12-14 13:45:43,90
2016-12-14 13:45:44,89
2016-12-14 13:45:53,87
2016-12-14 13:45:57,87
2016-12-14 13:46:03,87
2016-12-14 13:46:04,87
2016-12-14 13:47:03,81
2016-12-14 13:47:05,80
2016-12-14 13:47:13,78
2016-12-14 13:47:18,78
2016-12-14 13:47:19,78
2016-12-14 13:47:39,69
2016-12-14 13:48:06,77
2016-12-14 13:48:07,77
2016-12-14 13:48:39,78
2016-12-14 13:48:44,74
2016-12-14 13:48:45,74
2016-12-14 13:48:50,74
2016-12-14 13:48:59,73
2016-12-14 13:49:01,73
2016-12-14 13:49:10,74
2016-12-14 13:49:23,77
2016-12-14 13:49:29,76
2016-12-14 13:49:30,76
2016-12-14 13:49:35,77
2016-12-14 13:49:41,77
2016-12-14 13:49:57,73
2016-12-14 13:50:11,57
2016-12-14 13:50:16,57
2016-12-14 13:50:17,57
2016-12-14 13:50:25,59
2016-12-14 13:50:28,60
2016-12-14 13:50:33,62
2016-12-14 13:51:25,74
2016-12-14 13:51:30,72
2016-12-14 13:51:35,74
2016-12-14 13:51:39,74
2016-12-14 13:51:41,74
2016-12-14 13:51:50,80
2016-12-14 13:53:06,91
2016-12-14 13:53:08,92
2016-12-14 13:53:14,92
2016-12-14 13:53:22,91
2016-12-14 13:53:23,91
2016-12-14 13:55:47,96
2016-12-14 13:55:48,95
2016-12-14 13:56:02,125
2016-12-14 13:56:03,125
2016-12-14 13:56:08,125
2016-12-14 13:56:54,81
2016-12-14 13:56:59,82
2016-12-14 13:57:04,85
2016-12-14 13:57:28,69
2016-12-14 13:57:30,72
2016-12-14 13:57:46,95
2016-12-14 13:57:53,95
2016-12-14 13:59:26,92
2016-12-14 13:59:31,96
2016-12-14 13:59:32,96
2016-12-14 13:59:41,114
2016-12-14 13:59:47,113
2016-12-14 14:00:06,108
2016-12-14 14:00:11,107
2016-12-14 14:00:13,107
2016-12-14 14:00:18,108
2016-12-14 14:00:43,81
2016-12-14 14:00:48,83
2016-12-14 14:00:52,83
2016-12-14 14:00:54,86
2016-12-14 14:01:28,87
2016-12-14 14:01:33,85
2016-12-14 14:01:38,85
2016-12-14 14:01:39,86
2016-12-14 14:33:51,73
2016-12-14 14:48:31,90
2016-12-14 15:07:54,67
2016-12-14 15:13:54,72
2016-12-14 15:20:34,65
2016-12-14 15:23:52,66
2016-12-14 15:32:26,70
2016-12-14 15:34:34,68
2016-12-14 15:39:51,74
2016-12-14 15:47:03,61
2016-12-14 15:56:30,61
2016-12-14 15:59:27,55
2016-12-14 16:09:37,61
2016-12-14 16:14:24,58
2016-12-14 16:17:42,54
2016-12-14 16:22:42,67
2016-12-14 16:25:29,78
2016-12-14 16:32:54,58
2016-12-14 16:34:42,63
2016-12-14 16:43:52,70
2016-12-14 16:45:59,74
2016-12-14 16:50:02,88
2016-12-14 17:09:20,65
2016-12-14 17:12:52,78
2016-12-14 17:15:50,56
2016-12-14 17:23:10,76
2016-12-14 17:25:40,77
2016-12-14 17:31:07,72
2016-12-14 17:53:45,67
2016-12-14 17:54:53,60
2016-12-14 18:03:58,66
2016-12-14 18:07:22,98
2016-12-14 18:17:21,112
2016-12-14 18:22:14,70
2016-12-14 18:24:24,101
2016-12-14 18:33:29,107
2016-12-14 18:37:21,83
2016-12-14 18:39:59,90
2016-12-14 18:43:49,89
2016-12-14 18:51:19,100
2016-12-14 18:56:09,129
2016-12-14 18:58:44,90
2016-12-14 19:03:37,81
2016-12-14 19:11:52,89
2016-12-14 19:17:59,113
2016-12-14 19:25:01,106
2016-12-14 19:32:33,97
2016-12-14 19:34:01,94
2016-12-14 19:40:08,94
2016-12-14 19:44:26,91
2016-12-14 19:49:41,91
2016-12-14 19:56:13,99
2016-12-14 20:01:01,106
2016-12-14 20:08:29,90
2016-12-14 20:16:24,88
2016-12-14 20:18:04,89
2016-12-14 20:24:56,113
2016-12-14 20:33:31,47
2016-12-14 20:38:36,49
2016-12-14 20:40:26,47
2016-12-14 20:49:03,52
2016-12-14 20:58:03,44
2016-12-14 21:06:11,44
2016-12-14 21:07:21,46
2016-12-14 21:13:26,45
2016-12-14 21:16:48,45
2016-12-14 21:23:14,46
2016-12-14 21:28:46,46
2016-12-14 21:31:36,47
2016-12-14 21:39:34,49
2016-12-14 21:41:11,49
2016-12-14 21:47:34,47
2016-12-14 21:48:39,47
2016-12-14 22:01:24,51
2016-12-14 22:05:34,51
2016-12-14 22:18:49,51
2016-12-14 22:23:26,51
2016-12-14 22:29:19,51
2016-12-14 22:35:01,51
2016-12-14 22:39:52,53
2016-12-14 22:48:54,51
2016-12-14 22:50:09,53
2016-12-14 23:01:09,54
2016-12-14 23:06:52,52
2016-12-14 23:19:29,51
2016-12-14 23:21:32,52
2016-12-14 23:27:07,50
2016-12-14 23:37:12,49
2016-12-14 23:44:02,52
2016-12-14 23:48:35,49
2016-12-14 23:51:20,49
2016-12-14 23:57:17,47
2016-12-15 00:01:37,49
2016-12-15 00:12:17,49
2016-12-15 00:19:27,49
2016-12-15 00:26:57,47
2016-12-15 00:36:50,49
2016-12-15 00:44:13,47
2016-12-15 00:47:43,50
2016-12-15 00:56:25,50
2016-12-15 00:58:45,52
2016-12-15 01:04:28,50
2016-12-15 01:10:38,49
2016-12-15 01:13:58,51
2016-12-15 01:22:10,49
2016-12-15 01:31:46,49
2016-12-15 01:35:53,47
2016-12-15 01:45:33,48
2016-12-15 01:52:36,45
2016-12-15 01:55:31,45
2016-12-15 02:02:56,45
2016-12-15 02:09:14,44
2016-12-15 02:14:56,44
2016-12-15 02:18:39,44
2016-12-15 02:24:49,42
2016-12-15 02:34:49,44
2016-12-15 02:44:26,43
2016-12-15 02:46:01,43
2016-12-15 02:51:59,43
2016-12-15 03:03:11,43
2016-12-15 03:05:19,44
2016-12-15 03:12:19,113
2016-12-15 03:17:27,73
2016-12-15 03:24:47,42
2016-12-15 03:28:12,42
2016-12-15 03:36:22,43
2016-12-15 03:45:57,43
2016-12-15 03:47:17,43
2016-12-15 03:56:04,43
2016-12-15 04:03:10,45
2016-12-15 04:09:25,46
2016-12-15 04:11:27,47
2016-12-15 04:16:47,46
2016-12-15 04:29:53,45
2016-12-15 04:32:42,45
2016-12-15 04:42:55,46
2016-12-15 04:46:35,45
2016-12-15 04:55:38,45
2016-12-15 04:57:08,47
2016-12-15 05:05:18,43
2016-12-15 05:09:06,46
2016-12-15 05:12:08,44
2016-12-15 05:19:11,44
2016-12-15 05:21:11,44
2016-12-15 05:28:41,44
2016-12-15 05:34:33,43
2016-12-15 05:39:21,66
2016-12-15 05:42:06,56
2016-12-15 05:43:37,69
2016-12-15 05:43:42,74
2016-12-15 05:43:44,76
2016-12-15 05:43:53,77
2016-12-15 05:43:54,77
2016-12-15 05:44:02,77
2016-12-15 05:44:05,76
2016-12-15 05:44:14,67
2016-12-15 05:45:21,51
2016-12-15 05:45:26,58
2016-12-15 05:45:31,52
2016-12-15 05:45:36,49
2016-12-15 05:45:40,50
2016-12-15 05:45:42,50
2016-12-15 05:45:51,54